,B_Dey1.jpg_persistence.pkl,B_Dey10.jpeg_persistence.pkl,B_Dey2.jpg_persistence.pkl,B_Dey3.jpeg_persistence.pkl,B_Dey4.jpg_persistence.pkl,B_Dey5.jpg_persistence.pkl,B_Dey6.jpg_persistence.pkl,B_Dey7.jpeg_persistence.pkl,B_Dey8.jpg_persistence.pkl,B_Dey9.jpg_persistence.pkl,B_Gen1.jpg_persistence.pkl,B_Gen10.jpg_persistence.pkl,B_Gen2.jpg_persistence.pkl,B_Gen3.jpg_persistence.pkl,B_Gen4.png_persistence.pkl,B_Gen5.jpeg_persistence.pkl,B_Gen6.jpg_persistence.pkl,B_Gen7.jpg_persistence.pkl,B_Gen8.jpg_persistence.pkl,B_Gen9.jpg_persistence.pkl,B_Goya1.jpg_persistence.pkl,B_Goya10.jpg_persistence.pkl,B_Goya2.jpg_persistence.pkl,B_Goya3.jpg_persistence.pkl,B_Goya4.jpg_persistence.pkl,B_Goya5.jpg_persistence.pkl,B_Goya6.jpg_persistence.pkl,B_Goya7.jpg_persistence.pkl,B_Goya8.jpg_persistence.pkl,B_Goya9.jpg_persistence.pkl,B_Klimt1.jpg_persistence.pkl,B_Klimt10.jpeg_persistence.pkl,B_Klimt2.jpg_persistence.pkl,B_Klimt3.jpg_persistence.pkl,B_Klimt4.jpg_persistence.pkl,B_Klimt5.jpg_persistence.pkl,B_Klimt6.jpg_persistence.pkl,B_Klimt7.jpg_persistence.pkl,B_Klimt8.jpg_persistence.pkl,B_Klimt9.jpg_persistence.pkl,B_Mithila1.jpg_persistence.pkl,B_Mithila10.jpg_persistence.pkl,B_Mithila2.jpg_persistence.pkl,B_Mithila3.jpg_persistence.pkl,B_Mithila4.jpeg_persistence.pkl,B_Mithila5.jpg_persistence.pkl,B_Mithila6.jpg_persistence.pkl,B_Mithila7.jpeg_persistence.pkl,B_Mithila8.jpeg_persistence.pkl,B_Mithila9.jpg_persistence.pkl,B_Raja1.jpg_persistence.pkl,B_Raja10.jpg_persistence.pkl,B_Raja2.jpg_persistence.pkl,B_Raja3.jpg_persistence.pkl,B_Raja4.jpg_persistence.pkl,B_Raja5.jpeg_persistence.pkl,B_Raja6.jpg_persistence.pkl,B_Raja7.jpg_persistence.pkl,B_Raja8.jpg_persistence.pkl,B_Raja9.jpg_persistence.pkl,B_Ren1.jpg_persistence.pkl,B_Ren10.jpg_persistence.pkl,B_Ren2.jpg_persistence.pkl,B_Ren3.jpg_persistence.pkl,B_Ren4.jpg_persistence.pkl,B_Ren5.jpg_persistence.pkl,B_Ren6.jpg_persistence.pkl,B_Ren7.jpg_persistence.pkl,B_Ren8.jpg_persistence.pkl,B_Ren9.jpeg_persistence.pkl,B_Robert1.jpg_persistence.pkl,B_Robert10.jpg_persistence.pkl,B_Robert2.jpg_persistence.pkl,B_Robert3.jpg_persistence.pkl,B_Robert4.jpg_persistence.pkl,B_Robert5.jpg_persistence.pkl,B_Robert6.jpg_persistence.pkl,B_Robert7.jpg_persistence.pkl,B_Robert8.jpg_persistence.pkl,B_Robert9.jpg_persistence.pkl,B_Sid1.jpeg_persistence.pkl,B_Sid10.jpg_persistence.pkl,B_Sid2.jpeg_persistence.pkl,B_Sid3.jpg_persistence.pkl,B_Sid4.jpg_persistence.pkl,B_Sid5.jpeg_persistence.pkl,B_Sid6.jpeg_persistence.pkl,B_Sid7.jpg_persistence.pkl,B_Sid8.jpg_persistence.pkl,B_Sid9.jpg_persistence.pkl,B_Vin1.jpg_persistence.pkl,B_Vin10.jpg_persistence.pkl,B_Vin2.jpg_persistence.pkl,B_Vin3.jpg_persistence.pkl,B_Vin4.jpg_persistence.pkl,B_Vin5.jpg_persistence.pkl,B_Vin6.jpg_persistence.pkl,B_Vin7.jpg_persistence.pkl,B_Vin8.jpeg_persistence.pkl,B_Vin9.jpg_persistence.pkl
B_Dey1.jpg_persistence.pkl,0.0,7735.0,7066.5,7509.0,12116.5,7397.5,7465.5,16419.0,7304.5,5628.5,11626.5,9037.5,6887.0,5699.5,9501.0,9229.5,10732.5,10057.5,6854.0,8860.5,8799.5,8780.5,7409.0,9547.0,7484.5,8186.5,11386.0,10353.5,11008.5,9480.5,7614.0,12683.0,15274.0,14899.5,24598.0,6424.5,12647.0,16119.0,11258.0,9134.5,25764.5,37594.0,13330.5,18360.0,24603.5,13241.0,23744.0,20716.0,13605.5,13021.5,7974.5,7334.0,9386.0,9073.5,7707.5,7362.5,7837.5,8289.0,8202.0,6752.0,4123.5,9594.5,18118.5,11006.5,9528.0,7419.0,6965.5,12017.5,15308.5,4834.0,6936.5,10394.0,5545.5,7131.5,8455.0,7497.5,10464.0,8365.0,7626.0,12758.5,5810.0,12184.0,11305.5,7507.5,7309.5,11130.0,14991.0,8866.5,15962.0,10376.5,15159.5,14893.0,12309.5,15176.5,13970.5,13238.0,13068.0,16221.5,11728.5,9360.5
B_Dey10.jpeg_persistence.pkl,7735.0,0.0,5207.5,6894.5,7928.0,10444.5,4970.5,16627.0,5997.5,6230.0,9248.5,6381.5,7540.5,7796.5,4958.5,6307.5,8534.0,7275.0,7773.5,7831.0,6555.5,6224.0,8080.5,5775.0,5754.5,10262.5,8470.5,8733.0,8405.5,7018.5,11270.5,17751.5,15488.0,16755.0,29574.0,9297.0,13759.5,17276.0,11508.0,10844.0,28427.5,37118.0,19449.0,20035.0,21009.5,15704.0,24868.0,24330.0,11830.5,18768.5,6907.5,9393.0,6778.0,9352.5,6220.5,6885.5,7767.5,11387.0,7356.0,7939.5,10450.5,12911.0,15300.5,13470.0,10055.5,9237.0,12688.5,8834.0,18920.0,4996.0,4451.0,6380.5,5465.5,4771.5,6095.5,4853.5,6244.5,5322.5,7443.5,11356.0,8738.5,11531.5,11994.5,13439.0,11461.5,16331.5,17812.5,10385.5,19502.0,8201.0,15425.0,18637.0,17300.5,14078.0,11364.5,12077.5,16602.0,17929.5,12593.0,13345.5
B_Dey2.jpg_persistence.pkl,7066.5,5207.5,0.0,7673.5,6926.5,11511.5,7336.5,15411.5,7988.0,6250.0,11436.5,8517.5,8496.5,9097.5,7294.5,8724.0,9724.5,9353.5,8745.5,9206.5,7240.0,6385.5,9378.5,7578.5,7840.5,11289.5,10697.0,10571.5,10826.0,8973.5,10636.0,14693.5,12469.0,16649.0,29218.5,10034.5,14296.0,14620.5,10064.0,10604.5,26189.0,34374.0,17296.0,17742.5,19909.5,15814.0,22602.5,21560.0,9981.5,17706.5,7969.0,9464.0,9068.5,7584.5,7511.5,8449.0,7537.5,12585.0,9076.5,8071.5,9383.0,11880.5,13337.0,10842.5,9316.0,7598.5,10970.5,6655.0,17165.0,4366.0,3707.5,8829.0,6269.0,5573.0,7456.5,6691.0,7175.5,6854.0,6190.0,12216.0,8527.0,12856.5,12858.0,13057.0,9710.5,14177.0,17701.0,9804.5,19639.5,9785.0,12310.0,16018.0,15904.5,11363.0,13129.5,9402.5,16113.0,14954.5,10262.0,13175.0
B_Dey3.jpeg_persistence.pkl,7509.0,6894.5,7673.5,0.0,12151.0,8442.0,4035.0,12193.5,4097.0,8248.5,4738.5,3555.5,3837.0,5361.0,6007.0,3949.5,4554.0,3846.5,3815.5,3139.5,4884.0,5209.0,4895.0,4830.5,3625.5,4825.5,4830.5,4450.5,5082.0,3109.5,10123.0,15617.0,18751.5,11605.5,24121.5,5259.0,9013.5,19757.5,9186.5,6485.0,30483.5,40778.0,17369.5,22560.0,25385.0,11240.0,24279.5,23881.0,15806.5,16529.0,3406.0,5861.5,3328.5,7501.5,3806.5,4454.0,5497.0,7668.0,3401.0,6056.5,9419.0,10738.0,19862.5,12904.0,5731.0,11748.5,11772.5,12992.5,20744.5,6569.5,5691.5,5559.0,4158.0,4437.5,5382.5,4756.0,8045.5,4110.5,5162.0,7400.0,6534.0,6039.0,6308.5,10613.0,10025.5,14463.5,11791.0,5308.5,13360.0,8461.5,17754.5,19887.0,16485.5,13190.0,7463.0,14013.0,13561.5,20538.5,15712.0,10789.5
B_Dey4.jpg_persistence.pkl,12116.5,7928.0,6926.5,12151.0,0.0,16429.0,10875.0,19124.0,12338.5,10415.5,14939.5,12171.5,13103.0,13487.5,10204.0,12289.0,13414.5,13161.0,13722.0,13506.5,10013.0,9719.0,14116.5,11107.5,11845.0,16119.0,14269.0,14611.5,14310.5,12795.0,15707.5,18226.0,10683.0,20763.5,33760.0,15277.0,18424.0,14658.5,12674.0,15048.5,25456.0,32023.5,21116.5,17052.0,16899.0,20063.5,22982.5,21340.0,8459.0,22142.0,12330.5,14375.5,12663.5,10996.5,11885.0,12849.5,11673.0,17367.5,13641.5,12219.0,14700.5,16132.5,11111.0,12304.5,13247.0,9785.5,15152.5,5611.0,18059.5,8926.5,7505.5,12076.5,11201.0,9337.5,11598.0,10498.0,9366.5,10755.5,10839.5,15927.5,13594.5,17275.0,17381.5,18526.5,13989.0,18314.0,22343.0,14027.5,24761.5,13070.5,11648.0,17316.5,19493.5,12824.0,16805.0,9947.0,19623.5,13721.5,11314.0,17716.5
B_Dey5.jpg_persistence.pkl,7397.5,10444.5,11511.5,8442.0,16429.0,0.0,7734.5,18128.5,6217.0,9780.5,10821.5,7814.0,6399.0,3906.5,9055.0,7916.0,10740.0,8531.0,6825.0,8303.0,9720.0,10143.0,7963.0,8775.0,6865.0,6869.5,9898.0,9494.5,9860.5,8584.5,6489.0,17321.0,21522.5,16013.5,25328.5,5756.5,14229.5,22205.0,14100.0,10384.5,31914.5,43806.0,17157.0,24561.0,29718.0,13664.5,28588.5,26382.5,19688.0,15729.5,8517.5,8507.5,8138.5,11338.5,8473.0,7548.0,10491.0,6741.0,7250.5,8312.0,7102.0,13506.0,24044.0,16265.5,11056.5,13422.0,10924.5,17060.5,19945.5,9652.0,9901.0,9061.5,5756.0,8493.5,8255.0,7142.5,10943.0,8125.0,9455.0,12148.5,8302.0,10639.0,10323.0,11189.0,11397.5,15774.5,15647.5,10813.5,16125.5,9583.5,20490.0,20146.0,12283.5,18682.5,12714.5,17962.0,15378.5,22093.0,17894.0,8574.0
B_Dey6.jpg_persistence.pkl,7465.5,4970.5,7336.5,4035.0,10875.0,7734.5,0.0,14796.0,2810.0,8160.5,5504.5,3212.0,4007.0,4551.5,4279.5,2775.5,6337.5,3923.5,4934.5,4672.0,4936.5,5408.5,5080.5,4008.5,1900.0,6181.5,5274.0,4937.0,4425.5,3499.5,10901.5,16841.5,18695.0,14281.5,26658.5,5643.5,11465.0,19752.0,10811.0,8403.5,30452.0,40708.0,18381.5,22529.0,24569.5,12795.5,25776.0,24725.5,15499.5,17369.0,4636.5,7373.5,3526.0,8370.5,3810.0,3544.0,6137.0,7105.5,3652.0,6159.0,9578.0,11989.0,19363.5,14185.5,8160.0,11671.5,12014.0,12339.0,20797.5,6513.0,5019.5,3673.0,3921.0,4111.0,3784.5,2591.0,6133.0,2913.0,6039.5,9428.5,7086.0,7804.0,8271.5,11887.5,10449.5,15659.5,14910.0,7850.0,16138.0,7373.0,17459.0,19868.5,16714.5,14599.0,8599.5,13893.5,15168.5,20473.5,15666.0,10675.5
B_Dey7.jpeg_persistence.pkl,16419.0,16627.0,15411.5,12193.5,19124.0,18128.5,14796.0,0.0,15511.5,18002.0,13683.5,13345.5,13259.5,15655.0,15412.5,14969.5,11834.0,13421.0,12647.5,12589.5,12979.5,12999.5,13109.0,13979.0,14669.0,13567.0,12517.0,11586.0,15214.5,13371.5,16341.5,12750.0,21395.5,9187.0,20829.0,14086.0,8579.5,19784.0,10761.5,9315.0,30069.5,40025.5,14021.0,23261.5,28304.0,10971.5,20475.0,20184.5,21232.0,16321.5,11506.5,11859.0,12772.5,11002.0,12621.0,13044.0,11582.5,16165.0,13476.0,13237.0,16784.0,11049.5,23650.0,12147.5,10225.0,17471.5,15355.0,19591.5,22261.0,14740.5,13547.5,16216.5,14502.5,12710.0,14049.5,15287.5,15273.0,13563.0,12025.0,10801.5,12749.5,10114.5,10785.0,15502.0,13150.5,12619.0,9322.0,9513.0,14119.0,17662.0,22179.0,18818.0,17488.0,15443.0,9907.0,16823.5,13642.5,21319.0,18745.0,16933.5
B_Dey8.jpg_persistence.pkl,7304.5,5997.5,7988.0,4097.0,12338.5,6217.0,2810.0,15511.5,0.0,7895.0,5835.0,3166.0,3882.0,3944.5,4735.0,2443.0,6699.5,3712.5,4198.5,4338.0,5439.0,6527.5,5312.5,4662.5,2159.5,5096.5,5096.0,5181.0,4485.0,3693.5,9867.0,16938.5,19197.5,14246.5,25916.0,4745.0,12187.5,20313.0,11462.5,8446.5,30625.0,41424.0,18144.0,22681.5,25808.5,12563.5,26510.5,25224.5,16281.5,16790.0,5119.0,6830.0,3497.5,9080.5,4603.5,4624.5,7272.5,6506.5,2887.5,6730.5,9361.5,12009.5,20411.5,14743.5,8509.0,11946.0,12023.5,13334.5,20717.0,7038.5,6136.0,3725.0,3146.0,4980.0,4836.0,2848.0,6599.0,3603.0,6651.5,9601.5,7149.5,7356.0,8268.5,11438.5,10652.5,15549.0,14459.0,8360.0,15275.5,6594.5,17755.0,20157.0,16390.5,15665.5,8855.0,14943.0,14698.0,20978.5,16083.0,10612.5
B_Dey9.jpg_persistence.pkl,5628.5,6230.0,6250.0,8248.5,10415.5,9780.5,8160.5,18002.0,7895.0,0.0,12141.5,9201.0,9141.0,8687.0,8633.5,9226.5,11052.5,10063.0,8935.0,9978.5,9486.0,9305.0,9844.5,9500.5,8068.0,11165.0,11403.5,11385.0,11378.0,9722.5,8778.0,16445.5,13935.5,17808.0,28834.0,9674.5,15118.5,14407.5,12992.5,11889.0,25609.5,36770.0,17328.5,17453.0,22563.0,16987.0,25107.5,22804.0,11539.5,15812.5,9012.5,9956.0,9726.5,11096.0,8744.0,9296.5,9478.0,12384.5,9324.5,9953.0,8341.0,12541.5,16067.5,12824.5,11615.0,7970.5,10506.5,10320.0,14450.0,5008.0,6505.5,9903.0,6195.0,7163.5,9252.5,7454.0,9842.0,8401.0,9021.0,14082.0,9013.5,13502.0,13642.5,11363.0,10527.5,14164.0,18165.0,11360.5,19732.5,10325.5,15182.5,17523.0,16576.5,15935.5,14469.5,13033.0,16328.0,16810.5,11265.0,13967.5
B_Gen1.jpg_persistence.pkl,11626.5,9248.5,11436.5,4738.5,14939.5,10821.5,5504.5,13683.5,5835.0,12141.5,0.0,3962.0,5871.5,7588.5,7351.5,3863.0,5406.0,3678.0,6324.5,4174.0,7274.0,8049.0,6525.5,5717.5,4948.0,5497.5,4169.0,3815.0,2422.0,3161.5,14214.5,17900.5,22949.0,12091.5,24552.0,7566.0,10297.5,23919.0,12531.0,8898.5,34759.5,44990.5,20942.5,26804.5,28727.0,11312.0,27518.5,26841.0,19683.0,20409.0,5917.0,9096.5,3508.0,10731.5,5251.0,6307.5,7528.5,8276.0,4531.0,9103.5,13301.5,13166.0,23538.0,16201.5,7485.0,15941.0,15668.0,16554.0,24962.0,10659.5,9046.0,5698.0,7504.0,7528.0,6975.5,6608.5,9931.5,5601.0,8546.0,8707.5,9896.0,5674.5,7158.5,12802.0,13661.0,17459.5,12271.5,6908.0,13111.0,10665.5,21928.5,24006.5,20419.0,16391.5,5787.5,17975.5,16162.0,24749.0,19955.0,13538.0
B_Gen10.jpg_persistence.pkl,9037.5,6381.5,8517.5,3555.5,12171.5,7814.0,3212.0,13345.5,3166.0,9201.0,3962.0,0.0,4329.0,5072.0,4615.5,2206.0,4446.5,1624.0,4711.0,3525.5,5037.0,5325.0,5664.5,3424.5,2670.5,5167.5,2664.5,3574.0,3512.5,1946.5,11252.0,17629.5,20000.5,13413.0,26062.0,5919.5,11268.0,20977.0,10505.5,8464.0,32054.0,42038.0,19072.5,23891.5,25917.5,12624.0,25940.5,25767.0,16743.5,17948.0,4247.0,7016.0,2058.0,8703.5,4127.0,4602.0,7122.0,7576.0,3003.0,7338.0,10995.0,12622.5,20649.5,14742.5,7642.5,13009.0,13401.5,13710.5,22047.5,7810.0,6182.0,3780.5,4410.5,4630.0,4181.0,3824.5,7187.5,2978.5,6649.5,8198.5,8138.0,5854.0,7422.5,12432.5,11665.0,16262.5,13768.5,7464.5,15095.5,7835.0,19045.5,21288.0,17858.5,14514.0,6200.5,15014.0,15272.0,21811.5,16996.5,11736.5
B_Gen2.jpg_persistence.pkl,6887.0,7540.5,8496.5,3837.0,13103.0,6399.0,4007.0,13259.5,3882.0,9141.0,5871.5,4329.0,0.0,3807.0,6184.5,4199.0,6375.0,5125.5,2854.0,3448.0,5228.0,5880.0,3110.0,5315.5,3349.5,3645.0,6417.0,4921.0,5258.0,4318.5,9330.0,14495.0,19121.0,11227.0,23595.0,3315.0,9432.0,20024.0,9123.5,5844.0,30121.0,41056.0,16153.5,22450.0,26305.5,9508.5,24393.5,22739.5,16551.5,15407.0,3719.0,5081.5,4335.0,6669.0,3263.0,2756.0,4637.0,4751.5,3555.5,4325.5,8142.5,9380.0,20689.5,12548.0,5966.0,11409.0,10303.5,13851.5,20084.0,6899.5,6614.0,5450.0,3614.5,5081.5,4847.5,4805.5,8276.5,4624.0,5549.5,7604.5,4773.5,6342.0,5857.0,9278.0,8485.5,13371.0,11920.5,5793.5,13024.5,7865.0,17861.5,18792.0,14875.0,14052.5,8168.0,14458.0,12372.5,20028.0,15706.0,8599.5
B_Gen3.jpg_persistence.pkl,5699.5,7796.5,9097.5,5361.0,13487.5,3906.5,4551.5,15655.0,3944.5,8687.0,7588.5,5072.0,3807.0,0.0,6176.0,5196.0,7606.0,6063.0,4487.0,5451.0,6730.0,7356.5,5785.5,6080.0,3990.5,5191.5,7378.0,6793.5,6939.0,5596.0,8354.0,16255.5,19870.0,13926.0,24932.5,4539.5,11902.0,20778.0,11649.0,8126.0,30486.5,41852.5,16626.0,22972.5,26895.0,11731.0,26713.0,24992.0,17408.5,15678.0,5847.5,6795.0,5457.0,9034.5,5768.0,5175.0,7643.5,5178.5,4755.0,5718.5,6917.0,11716.0,21478.0,14610.5,8618.0,11770.0,10443.0,14500.5,19839.5,7537.0,7067.0,6306.5,3856.0,5607.5,5539.5,4337.0,8262.5,5297.5,6830.0,9764.0,6588.0,8567.0,8201.0,10554.0,10046.5,14882.5,13970.0,8039.0,14868.0,7362.5,18286.5,19064.0,13583.0,16291.5,10200.0,15498.0,14358.0,20600.5,16340.5,8040.0
B_Gen4.png_persistence.pkl,9501.0,4958.5,7294.5,6007.0,10204.0,9055.0,4279.5,15412.5,4735.0,8633.5,7351.5,4615.5,6184.5,6176.0,0.0,4572.0,6530.0,5433.0,7189.0,6367.5,5529.5,6019.5,8049.0,4209.0,4484.0,8732.5,6677.0,7192.5,6597.0,5208.0,10858.5,18655.0,17756.5,15216.0,28789.5,8442.0,13453.5,19848.5,10503.0,9934.5,30805.5,39863.0,19803.0,22519.0,23957.5,13876.0,25924.0,25888.5,14478.0,19230.5,5838.0,8661.5,5035.5,9175.5,6218.0,6688.5,7977.5,9907.5,5979.5,7456.5,11294.5,12858.5,18084.5,15106.5,9230.0,11924.0,13466.0,11734.5,21598.0,7596.0,5405.0,3710.0,5091.0,3956.0,3825.5,3919.5,4868.5,3950.5,7491.5,8769.5,8969.5,9798.5,10361.5,14581.5,11647.0,17172.0,16273.0,9851.5,18608.5,5797.0,18026.0,20267.5,16611.5,14554.0,9372.0,13382.0,16032.0,20990.5,15360.0,12057.5
B_Gen5.jpeg_persistence.pkl,9229.5,6307.5,8724.0,3949.5,12289.0,7916.0,2775.5,14969.5,2443.0,9226.5,3863.0,2206.0,4199.0,5196.0,4572.0,0.0,5911.0,2300.5,5296.0,3977.5,5274.0,6229.0,5579.5,4098.0,2316.5,5399.0,3804.0,4422.0,2367.5,2162.0,11678.5,17702.0,20278.0,13820.0,26221.5,6110.0,11995.0,21351.5,11481.5,8973.5,32294.5,42361.0,19626.0,24227.0,26009.0,12265.0,26902.5,26100.5,16942.5,18335.5,5126.0,7837.0,2751.5,9414.0,4040.5,4681.5,7083.0,7237.5,3412.0,7647.0,11314.0,12663.5,20824.5,15608.5,8464.0,13416.0,13791.0,13815.5,22481.5,8143.5,6380.5,2942.0,4586.5,5060.5,4688.5,3584.5,7070.0,3299.0,7481.0,9396.0,8414.5,6741.5,8078.5,12553.0,11998.0,16731.0,14591.5,8424.0,15505.0,7903.0,19273.5,21740.0,18324.5,15691.5,7467.5,15366.0,15527.0,22280.0,17312.5,12085.0
B_Gen6.jpg_persistence.pkl,10732.5,8534.0,9724.5,4554.0,13414.5,10740.0,6337.5,11834.0,6699.5,11052.5,5406.0,4446.5,6375.0,7606.0,6530.0,5911.0,0.0,4763.5,6210.5,4231.0,6056.5,6231.0,7705.0,5000.0,5974.0,7213.0,4583.5,5413.5,6687.0,4526.5,11942.5,17681.0,20360.0,13098.0,26422.0,8246.0,10302.5,21349.0,10579.5,8323.5,32401.0,42293.5,19355.0,24271.5,26590.5,12756.5,25429.0,25826.5,17539.0,18904.0,4923.5,7938.5,4060.0,9165.5,5909.0,6899.0,7728.0,10229.5,5094.5,8277.5,12282.0,12808.0,21241.0,14418.0,7249.0,13689.5,14074.5,14666.5,22596.0,8991.0,7290.5,7172.0,6726.0,5546.5,6282.0,6757.0,8668.0,5202.0,6421.5,6206.0,9058.5,5584.5,6058.5,13776.0,12163.5,16305.5,12382.0,5860.5,15622.0,9682.5,19774.0,21621.0,18253.0,14002.5,5855.5,15447.0,15623.0,22251.5,17466.5,13258.5
B_Gen7.jpg_persistence.pkl,10057.5,7275.0,9353.5,3846.5,13161.0,8531.0,3923.5,13421.0,3712.5,10063.0,3678.0,1624.0,5125.5,6063.0,5433.0,2300.5,4763.5,0.0,5287.5,3688.5,5613.0,6265.5,6257.5,4053.0,3319.0,5113.5,2159.0,3390.0,3275.5,1832.5,12131.5,18137.0,20848.5,13500.5,26050.0,6501.5,11321.5,21851.0,11323.5,8948.0,33046.0,42895.0,20043.0,24841.0,26833.0,12926.0,26661.0,26571.0,17641.0,18895.0,4851.5,7853.5,2377.0,9651.0,4725.0,5394.5,7863.0,8178.5,3408.5,8343.0,12043.5,13309.0,21586.0,15431.5,7771.5,13968.0,14447.5,14659.0,22997.5,8650.0,7108.0,4062.5,5219.5,5555.0,5190.5,4605.5,8025.0,3788.0,7363.5,8583.0,9081.0,5362.0,7607.5,13087.0,12672.0,17000.5,13473.5,7501.5,14725.0,8654.0,20020.0,22332.5,18897.5,15199.0,5737.5,15871.5,15976.5,22747.0,17850.0,12780.5
B_Gen8.jpg_persistence.pkl,6854.0,7773.5,8745.5,3815.5,13722.0,6825.0,4934.5,12647.5,4198.5,8935.0,6324.5,4711.0,2854.0,4487.0,7189.0,5296.0,6210.5,5287.5,0.0,3606.5,5506.5,5892.0,3288.0,5402.0,4125.5,3815.0,6433.5,4968.0,6126.5,4778.5,8964.0,14142.5,19275.0,11449.0,23012.5,3253.0,9007.5,20105.5,9009.0,5283.0,30143.5,41225.0,15372.0,22501.0,26904.5,10249.5,23549.5,22452.5,16810.0,14753.0,3259.5,4348.5,4136.0,6466.0,3563.5,3152.0,5101.5,5504.5,3083.0,4755.0,8064.5,9241.5,21053.0,11468.0,5758.0,11442.0,10010.0,14274.5,19869.0,6802.5,7179.0,6589.0,3746.0,5586.5,5718.0,5434.0,9070.5,4930.0,5107.5,7135.0,4748.5,5902.5,5753.0,8755.0,8365.0,12581.5,11473.0,5643.5,12481.0,8572.5,18055.0,18667.5,14710.5,13439.0,7760.0,14875.5,12001.5,19992.5,15795.5,8955.0
B_Gen9.jpg_persistence.pkl,8860.5,7831.0,9206.5,3139.5,13506.5,8303.0,4672.0,12589.5,4338.0,9978.5,4174.0,3525.5,3448.0,5451.0,6367.5,3977.5,4231.0,3688.5,3606.5,0.0,5124.0,5959.0,4501.0,4245.0,3942.0,4205.5,4747.5,4019.5,4652.0,3119.0,11107.5,15926.0,20317.5,12028.0,24563.0,5059.5,9260.5,21238.0,9702.0,6508.5,31811.0,42244.0,18041.0,23849.0,26863.5,11177.0,24870.0,24298.5,17511.0,17340.5,3497.5,6181.5,3038.5,7853.0,3427.5,4121.0,5797.0,6998.0,2625.0,6408.5,10527.0,10990.0,21445.5,13411.5,6190.5,12915.0,12620.5,14555.0,21822.0,7907.5,7072.0,5661.5,4738.5,5378.0,5351.5,5288.0,8631.0,4247.0,5512.0,6438.0,7073.0,4720.5,5041.5,11008.0,10731.0,14781.0,11925.0,5570.0,13717.0,8723.0,19151.5,20790.0,17294.0,14231.5,6326.0,15451.0,13695.0,21651.0,17090.5,11247.0
B_Goya1.jpg_persistence.pkl,8799.5,6555.5,7240.0,4884.0,10013.0,9720.0,4936.5,12979.5,5439.0,9486.0,7274.0,5037.0,5228.0,6730.0,5529.5,5274.0,6056.5,5613.0,5506.5,5124.0,0.0,4137.0,6093.5,5146.5,4781.5,7270.5,6992.0,6044.5,6755.0,5174.0,10260.0,14777.0,16912.5,12670.5,25986.0,7344.0,11107.0,18806.5,7573.5,7493.5,29321.5,38695.5,16678.0,21180.5,24364.5,11612.0,23448.0,22152.5,14700.5,17061.0,4285.5,6737.5,5168.0,6331.5,4501.0,5522.5,5464.5,9166.0,5329.5,5278.0,10093.0,10072.0,18320.0,11795.5,5528.5,10788.0,11074.0,11454.5,20081.0,7280.5,5613.5,6389.0,5431.5,4053.0,5288.0,5134.0,5925.5,4456.0,5435.5,7985.0,6991.5,8650.0,9038.0,12013.5,9369.5,13769.5,14040.0,7086.0,16347.5,7063.0,17012.0,17917.5,14892.5,11587.5,8931.5,12091.5,12688.5,19175.5,14224.0,10874.5
B_Goya10.jpg_persistence.pkl,8780.5,6224.0,6385.5,5209.0,9719.0,10143.0,5408.5,12999.5,6527.5,9305.0,8049.0,5325.0,5880.0,7356.5,6019.5,6229.0,6231.0,6265.5,5892.0,5959.0,4137.0,0.0,6858.5,4251.5,5599.5,8166.5,7417.0,7087.0,7630.0,5830.0,10379.0,15528.5,16319.0,13740.0,26757.5,7814.5,11339.0,18449.0,8030.0,7699.0,29749.5,38186.5,17739.0,21560.5,23763.0,12651.5,23668.5,22948.5,14445.0,17559.5,4525.0,6465.0,5546.0,5653.0,4764.5,5691.5,5522.5,9974.5,6116.0,5430.0,10376.0,11021.0,17506.0,12030.5,6645.0,10176.0,11520.5,10532.5,20373.0,6336.0,4388.0,6542.0,5538.5,3820.0,5189.0,5298.5,6635.0,4289.0,4452.0,8260.5,7157.5,9182.0,9231.5,12502.0,9805.5,14358.0,14768.5,7653.5,16919.5,8420.0,16653.5,17857.5,15647.0,10523.5,8973.5,10532.5,13322.0,18761.0,13256.5,11310.0
B_Goya2.jpg_persistence.pkl,7409.0,8080.5,9378.5,4895.0,14116.5,7963.0,5080.5,13109.0,5312.5,9844.5,6525.5,5664.5,3110.0,5785.5,8049.0,5579.5,7705.0,6257.5,3288.0,4501.0,6093.5,6858.5,0.0,6730.0,4749.5,3418.0,7526.5,5076.0,5827.5,5508.5,10395.0,12956.0,19932.0,10444.0,22433.5,3638.0,8258.0,20754.0,9760.0,5554.0,30863.5,41865.0,15446.0,23293.0,27391.0,9011.0,24171.0,21587.5,17446.5,15554.5,4257.0,5571.0,5380.0,6935.0,3285.5,2680.5,4325.5,4652.5,4468.0,5098.0,8243.0,8070.0,21632.5,12043.5,5449.5,12201.5,10345.5,14832.5,20605.0,7641.0,7765.0,7267.5,4852.5,6370.0,6421.5,6109.5,9736.5,5803.0,6544.0,8134.0,4710.5,6525.5,5746.5,7511.5,8842.5,12312.0,11231.5,5596.5,11893.5,9729.0,18862.0,19332.5,15293.0,14312.5,8358.0,15587.5,11431.0,20672.5,16446.0,8686.0
B_Goya3.jpg_persistence.pkl,9547.0,5775.0,7578.5,4830.5,11107.5,8775.0,4008.5,13979.0,4662.5,9500.5,5717.5,3424.5,5315.5,6080.0,4209.0,4098.0,5000.0,4053.0,5402.0,4245.0,5146.5,4251.5,6730.0,0.0,3985.5,6974.0,5082.5,5758.0,5611.0,3739.0,11096.0,17787.5,18297.5,14539.5,27404.5,6963.0,11951.5,20082.0,10162.0,8414.0,31394.0,40419.5,19370.0,23186.5,24919.5,13385.0,25456.0,25367.5,15778.0,18474.5,4797.5,7071.5,3434.0,8071.5,4950.5,5390.0,7163.5,8828.5,4057.5,6823.5,11406.0,12504.5,19093.0,14137.5,8222.0,11888.5,13117.0,12458.0,21903.0,7240.0,5499.5,3969.0,4792.5,4091.5,4262.0,3778.0,6270.5,2733.0,5533.0,7570.5,8323.5,7428.0,7913.0,13448.0,11465.0,16294.5,14843.0,8348.0,16820.0,7388.0,18530.0,20107.0,17042.5,13325.0,7323.5,13216.5,15279.5,21000.5,15431.5,11812.0
B_Goya4.jpg_persistence.pkl,7484.5,5754.5,7840.5,3625.5,11845.0,6865.0,1900.0,14669.0,2159.5,8068.0,4948.0,2670.5,3349.5,3990.5,4484.0,2316.5,5974.0,3319.0,4125.5,3942.0,4781.5,5599.5,4749.5,3985.5,0.0,5320.0,4651.0,4494.5,3926.5,3023.0,10172.5,16839.5,19075.5,13736.5,25931.5,4831.0,11453.5,20013.5,10730.5,8088.0,30643.5,41168.5,18198.5,22732.5,25419.0,12361.0,25910.5,24805.0,16138.5,16735.5,4390.0,6793.5,2977.5,8371.0,3601.5,3556.0,6205.5,6344.5,2786.0,6270.5,9424.0,11580.0,20131.0,14331.0,7946.5,11845.5,11922.0,13143.5,20774.0,6798.5,5649.5,3446.0,3253.5,4176.0,3739.0,2584.0,6429.5,2906.0,6208.5,9080.5,6828.0,6991.0,7761.5,11410.0,10280.0,15450.5,14213.5,7797.0,15312.5,6823.0,18001.5,19991.5,16558.5,14831.5,8058.0,14377.5,14557.0,20754.5,15960.5,10453.5
B_Goya5.jpg_persistence.pkl,8186.5,10262.5,11289.5,4825.5,16119.0,6869.5,6181.5,13567.0,5096.5,11165.0,5497.5,5167.5,3645.0,5191.5,8732.5,5399.0,7213.0,5113.5,3815.0,4205.5,7270.5,8166.5,3418.0,6974.0,5320.0,0.0,6396.5,4911.5,5384.5,4637.0,10820.0,13721.0,21678.0,10381.5,21784.0,3034.0,8741.5,22402.5,10765.0,6070.0,32256.5,43713.0,16337.5,24787.0,29344.5,8973.0,25562.0,23150.0,19470.5,16305.5,5120.0,5821.0,4963.0,8436.0,4911.0,4321.0,6373.5,4083.0,4168.5,5811.0,8961.0,9475.5,23719.0,13251.5,5823.5,13559.5,11269.0,16815.5,21802.5,9261.5,9474.5,7279.0,5513.5,7886.5,7316.0,6944.0,10748.0,6737.0,7291.5,8264.5,5711.0,5746.0,5395.5,8458.0,9848.5,13423.5,10249.0,5631.5,10788.0,9923.0,20413.5,20456.5,15883.5,15872.5,7936.5,17425.0,12227.5,22155.5,18101.5,8759.0
B_Goya6.jpg_persistence.pkl,11386.0,8470.5,10697.0,4830.5,14269.0,9898.0,5274.0,12517.0,5096.0,11403.5,4169.0,2664.5,6417.0,7378.0,6677.0,3804.0,4583.5,2159.0,6433.5,4747.5,6992.0,7417.0,7526.5,5082.5,4651.0,6396.5,0.0,3923.5,4336.5,3255.0,13536.0,19402.5,22234.0,14463.5,27146.0,7634.5,11583.5,23221.5,12486.0,10012.0,34414.0,44270.5,21276.5,26228.5,28088.0,14160.0,27560.5,27783.0,18946.0,20179.5,5861.0,8987.0,2904.5,10831.0,5995.0,6632.0,9125.5,9448.0,4329.0,9564.0,13373.5,14573.5,22867.0,16436.5,8684.5,15353.0,15734.0,15936.5,24380.5,10036.0,8423.5,5232.0,6609.5,6880.0,6413.5,5961.0,9294.0,4965.0,8344.5,8662.0,10350.5,4789.0,7821.0,14330.5,13934.0,18203.0,13336.0,7455.5,15071.0,10026.0,21424.5,23639.5,20202.0,15959.0,4992.0,17231.5,17204.0,24132.5,19241.5,14036.0
B_Goya7.jpg_persistence.pkl,10353.5,8733.0,10571.5,4450.5,14611.5,9494.5,4937.0,11586.0,5181.0,11385.0,3815.0,3574.0,4921.0,6793.5,7192.5,4422.0,5413.5,3390.0,4968.0,4019.5,6044.5,7087.0,5076.0,5758.0,4494.5,4911.5,3923.5,0.0,4440.0,3516.5,12853.0,16397.5,21896.5,11141.0,23910.5,6364.0,9123.0,22826.5,10981.0,7458.5,33355.0,43843.5,19189.0,25497.0,28167.0,11054.5,25745.5,25125.0,18898.0,18823.0,4450.0,7400.5,3231.5,8997.5,4119.5,4699.5,6445.5,7586.5,3737.0,7654.5,11790.0,11788.5,22844.5,14384.5,5833.5,14558.5,13943.5,15906.0,23469.0,9536.0,8324.0,6288.5,6370.5,6692.5,5928.5,5793.0,9402.0,5102.0,7445.5,7204.0,8220.5,3909.0,6022.0,11562.5,12004.0,15647.0,11067.5,5957.5,12377.5,9838.0,20730.0,22328.0,18593.5,14745.5,4645.0,16962.0,14657.5,23253.0,18688.5,11967.0
B_Goya8.jpg_persistence.pkl,11008.5,8405.5,10826.0,5082.0,14310.5,9860.5,4425.5,15214.5,4485.0,11378.0,2422.0,3512.5,5258.0,6939.0,6597.0,2367.5,6687.0,3275.5,6126.5,4652.0,6755.0,7630.0,5827.5,5611.0,3926.5,5384.5,4336.5,4440.0,0.0,3164.5,13727.5,17653.5,22424.5,13073.0,25350.0,6966.0,11789.0,23413.0,12382.0,9217.5,34328.5,44487.0,20565.0,26351.5,28124.0,11366.0,27682.0,26530.0,19081.0,19913.0,5876.0,8762.0,3565.5,10337.5,4679.5,5570.5,7217.0,7434.0,4175.0,8672.0,12857.5,12909.0,22959.5,16337.5,8355.0,15483.0,15271.0,15951.0,24523.0,10203.0,8486.5,4363.5,6705.0,7053.5,6378.5,5605.5,9186.5,5044.5,8830.5,9958.5,9485.5,6853.0,8212.0,12426.0,13265.5,17191.0,14076.0,8396.5,14437.5,10013.0,21437.0,23606.5,20017.5,16567.5,7293.5,17453.5,15854.5,24309.0,19451.0,13058.0
B_Goya9.jpg_persistence.pkl,9480.5,7018.5,8973.5,3109.5,12795.0,8584.5,3499.5,13371.5,3693.5,9722.5,3161.5,1946.5,4318.5,5596.0,5208.0,2162.0,4526.5,1832.5,4778.5,3119.0,5174.0,5830.0,5508.5,3739.0,3023.0,4637.0,3255.0,3516.5,3164.5,0.0,11705.0,17267.0,20364.5,12758.0,25296.5,6033.5,10652.5,21368.0,10727.5,8091.5,32376.0,42395.5,19316.5,24275.0,26420.0,11954.5,26077.0,25710.0,17244.0,18446.5,4293.5,7276.5,2394.5,9000.0,3905.0,4816.0,6772.0,7567.5,3225.0,7510.0,11385.0,12414.5,21144.5,14781.5,7174.5,13424.0,13746.5,14242.0,22503.0,8087.5,6622.5,3917.0,4989.5,5056.0,4771.0,4281.0,7762.5,3470.0,6717.0,8111.0,8275.0,5737.0,6960.5,12208.0,11879.5,16246.5,13062.0,6894.0,14252.5,8352.0,19471.0,21728.0,18308.5,14767.0,6105.5,15393.5,15192.0,22254.0,17342.5,12080.0
B_Klimt1.jpg_persistence.pkl,7614.0,11270.5,10636.0,10123.0,15707.5,6489.0,10901.5,16341.5,9867.0,8778.0,14214.5,11252.0,9330.0,8354.0,10858.5,11678.5,11942.5,12131.5,8964.0,11107.5,10260.0,10379.0,10395.0,11096.0,10172.5,10820.0,13536.0,12853.0,13727.5,11705.0,0.0,14047.5,17317.5,14307.0,23936.5,8649.5,13578.0,17691.5,11810.0,9505.5,27809.5,39974.5,14268.5,20474.5,27491.0,13060.0,24833.5,22270.5,16829.0,12575.0,9638.0,7491.5,11611.5,9485.5,10373.5,10211.0,10019.5,11212.5,10938.5,9218.0,6499.5,10236.5,20972.0,12557.0,10657.5,10271.0,7730.0,15253.0,15228.0,8481.0,9747.5,12411.5,7712.0,8683.0,10564.0,10008.5,12023.5,10291.0,9651.0,12339.5,6929.5,13727.5,11982.5,9918.0,7862.5,11708.5,14672.0,11202.5,16660.0,11286.5,18215.0,16430.5,10249.5,16064.5,14554.0,15152.5,12031.5,17861.5,13730.5,10635.0
B_Klimt10.jpeg_persistence.pkl,12683.0,17751.5,14693.5,15617.0,18226.0,17321.0,16841.5,12750.0,16938.5,16445.5,17900.5,17629.5,14495.0,16255.5,18655.0,17702.0,17681.0,18137.0,14142.5,15926.0,14777.0,15528.5,12956.0,17787.5,16839.5,13721.0,19402.5,16397.5,17653.5,17267.0,14047.5,0.0,16286.5,10267.0,16994.5,13364.5,12151.0,15404.0,12328.0,10577.0,23769.5,36126.0,6250.0,17819.0,25519.0,9958.0,18758.5,12688.5,17856.5,9626.0,14439.5,12010.5,17184.5,11712.5,14272.5,14265.0,12062.0,14572.5,16317.5,12661.0,11970.5,7412.0,19979.0,8226.0,12092.0,13347.0,8284.5,17705.0,14631.0,13982.5,15263.5,19162.5,15674.5,15572.0,17109.5,17381.0,17957.0,16813.0,14014.5,15999.0,10913.0,17357.5,14352.5,9582.5,8541.0,5136.0,12333.5,12924.5,14883.5,19273.5,17689.0,11558.0,12014.0,15975.5,18196.5,15388.5,7394.5,15036.5,13458.5,13761.0
B_Klimt2.jpg_persistence.pkl,15274.0,15488.0,12469.0,18751.5,10683.0,21522.5,18695.0,21395.5,19197.5,13935.5,22949.0,20000.5,19121.0,19870.0,17756.5,20278.0,20360.0,20848.5,19275.0,20317.5,16912.5,16319.0,19932.0,18297.5,19075.5,21678.0,22234.0,21896.5,22424.5,20364.5,17317.5,16286.5,0.0,22097.0,32766.5,19891.5,21632.5,8092.5,14328.0,18081.0,18376.5,24540.5,18070.5,10408.5,16057.5,21942.0,19141.0,16103.0,7849.5,18425.5,18260.5,17031.0,20425.0,14654.0,18578.0,19059.0,17248.5,23033.5,20231.5,17140.5,17365.0,16342.5,7682.0,11349.5,18153.5,9807.5,14377.5,10098.5,12297.0,12932.0,14310.5,19938.0,16593.5,15893.5,18129.5,17837.5,15941.0,18168.5,15902.0,19623.0,16797.5,23479.0,22281.5,20365.0,13892.0,15061.5,24101.0,19514.0,27593.0,17070.0,11148.5,11812.5,18370.0,14715.0,23547.0,10654.5,18543.0,8163.5,6858.0,22136.5
B_Klimt3.jpg_persistence.pkl,14899.5,16755.0,16649.0,11605.5,20763.5,16013.5,14281.5,9187.0,14246.5,17808.0,12091.5,13413.0,11227.0,13926.0,15216.0,13820.0,13098.0,13500.5,11449.0,12028.0,12670.5,13740.0,10444.0,14539.5,13736.5,10381.5,14463.5,11141.0,13073.0,12758.0,14307.0,10267.0,22097.0,0.0,15043.0,11398.0,6377.5,22166.5,11678.5,7860.0,31593.5,42885.0,12825.0,25065.0,30515.5,5072.5,22923.5,20141.5,22291.0,15014.0,11118.5,9976.5,12953.5,11295.0,11734.0,11676.5,10399.0,12263.5,12746.5,11797.0,14388.5,7649.0,24913.5,12184.0,9000.5,17538.0,13209.5,20937.0,21605.0,14663.5,14717.0,15667.0,13400.0,13142.0,14380.5,14939.5,16245.0,13840.0,12715.0,11577.0,10043.0,11750.0,9551.0,10536.0,11092.0,10950.0,4879.0,10165.5,7874.5,16854.0,23254.5,19253.0,14607.5,16919.5,11806.0,18303.5,9302.5,21936.0,18926.0,13126.5
B_Klimt4.jpg_persistence.pkl,24598.0,29574.0,29218.5,24121.5,33760.0,25328.5,26658.5,20829.0,25916.0,28834.0,24552.0,26062.0,23595.0,24932.5,28789.5,26221.5,26422.0,26050.0,23012.5,24563.0,25986.0,26757.5,22433.5,27404.5,25931.5,21784.0,27146.0,23910.5,25350.0,25296.5,23936.5,16994.5,32766.5,15043.0,0.0,22174.5,18801.5,29830.0,24799.0,20317.0,32649.0,46510.0,16446.0,31121.5,39817.5,16543.0,27116.5,23354.0,34006.0,16693.5,23929.0,21541.0,25545.0,24430.0,24138.5,23883.0,23282.0,22449.0,24848.5,24064.0,23074.5,19177.0,36241.0,23443.5,22242.0,28725.5,21259.5,33618.0,28668.0,26646.0,27448.0,28363.5,25005.0,26174.0,27389.5,27243.0,29916.0,26526.5,25413.0,25090.0,21672.5,24364.0,22183.0,18651.5,21635.5,18551.5,16420.0,22924.0,16481.0,30008.0,33411.5,26071.0,21819.0,29873.5,25046.0,30520.5,16964.5,30819.5,29630.5,22651.0
B_Klimt5.jpg_persistence.pkl,6424.5,9297.0,10034.5,5259.0,15277.0,5756.5,5643.5,14086.0,4745.0,9674.5,7566.0,5919.5,3315.0,4539.5,8442.0,6110.0,8246.0,6501.5,3253.0,5059.5,7344.0,7814.5,3638.0,6963.0,4831.0,3034.0,7634.5,6364.0,6966.0,6033.5,8649.5,13364.5,19891.5,11398.0,22174.5,0.0,9635.0,20492.5,10498.0,5934.0,30299.5,42069.5,14717.0,22967.0,28448.5,9590.5,24642.0,22059.0,18039.0,14187.5,5309.5,4707.0,5672.0,7623.0,5034.0,3755.0,6311.0,4317.0,4370.5,4881.5,6954.0,8908.0,22510.5,12119.0,6816.0,11788.5,9102.0,15681.0,19573.5,7876.0,8704.0,7265.5,4426.0,7162.0,6873.0,6170.0,10220.0,6367.0,6912.0,8738.0,4024.0,7076.5,6073.5,7683.0,7767.0,12167.5,11020.0,6542.0,11453.5,9343.5,18950.5,18353.5,13779.5,15301.0,9364.5,16196.5,11497.0,20191.0,16253.0,7374.0
B_Klimt6.jpg_persistence.pkl,12647.0,13759.5,14296.0,9013.5,18424.0,14229.5,11465.0,8579.5,12187.5,15118.5,10297.5,11268.0,9432.0,11902.0,13453.5,11995.0,10302.5,11321.5,9007.5,9260.5,11107.0,11339.0,8258.0,11951.5,11453.5,8741.5,11583.5,9123.0,11789.0,10652.5,13578.0,12151.0,21632.5,6377.5,18801.5,9635.0,0.0,22125.5,11215.5,6355.5,31775.5,42920.5,14507.5,24881.0,29861.0,7446.5,23025.0,21081.0,20920.0,16138.5,8597.0,8526.5,10326.5,9692.0,9208.5,8951.5,8249.5,10960.0,10198.0,9812.0,13311.0,7847.5,24113.0,11275.0,7669.0,15680.0,12868.5,18843.5,21478.0,11979.0,12017.0,13697.5,11142.5,10889.5,11898.0,12734.0,14827.5,11465.0,10034.0,8690.0,8608.5,8552.0,6596.5,9875.0,10650.0,11730.0,5840.5,7231.5,8629.5,15560.0,22064.5,19725.0,15439.5,15536.5,9258.0,17503.0,11217.0,21779.5,18088.5,12731.5
B_Klimt7.jpg_persistence.pkl,16119.0,17276.0,14620.5,19757.5,14658.5,22205.0,19752.0,19784.0,20313.0,14407.5,23919.0,20977.0,20024.0,20778.0,19848.5,21351.5,21349.0,21851.0,20105.5,21238.0,18806.5,18449.0,20754.0,20082.0,20013.5,22402.5,23221.5,22826.5,23413.0,21368.0,17691.5,15404.0,8092.5,22166.5,29830.0,20492.5,22125.5,0.0,16640.5,18769.5,13560.0,25132.5,15031.0,6826.5,16701.5,22235.0,17164.0,12960.5,10126.0,14884.0,19418.5,18192.0,21433.5,17176.5,19530.5,19883.5,18343.0,23718.0,21122.5,19175.0,17873.5,17217.5,12163.5,12714.5,19808.5,11967.0,14923.0,14762.0,9183.5,14231.5,16030.5,21879.5,17739.5,17018.5,19413.0,19293.0,17944.0,19281.5,17391.5,22332.5,17615.0,24294.5,22950.0,20533.5,14614.0,14050.0,24355.0,20309.0,28006.5,20582.0,12926.5,11475.0,19774.5,19325.0,24565.5,15002.0,18915.0,8280.5,9618.5,23376.0
B_Klimt8.jpg_persistence.pkl,11258.0,11508.0,10064.0,9186.5,12674.0,14100.0,10811.0,10761.5,11462.5,12992.5,12531.0,10505.5,9123.5,11649.0,10503.0,11481.5,10579.5,11323.5,9009.0,9702.0,7573.5,8030.0,9760.0,10162.0,10730.5,10765.0,12486.0,10981.0,12382.0,10727.5,11810.0,12328.0,14328.0,11678.5,24799.0,10498.0,11215.5,16640.5,0.0,7640.5,26675.5,35369.0,13917.0,19155.5,23762.0,11538.0,18877.0,18365.5,14744.5,15574.5,7739.5,7440.5,10347.5,6108.0,8904.0,9305.5,7479.0,12887.0,10194.5,7787.0,11803.0,8729.0,16816.5,8417.5,7193.0,10203.0,10461.5,12659.5,18386.0,9687.0,9148.0,11868.0,10132.5,8598.5,10111.0,11016.0,9989.0,10016.5,8280.0,9209.0,8512.0,12063.5,11045.5,13477.0,8347.5,11586.0,14263.0,8383.5,18035.5,11387.5,16585.0,13782.5,13389.0,8545.5,12681.0,10152.0,11539.5,16732.5,11643.5,13479.0
B_Klimt9.jpg_persistence.pkl,9134.5,10844.0,10604.5,6485.0,15048.5,10384.5,8403.5,9315.0,8446.5,11889.0,8898.5,8464.0,5844.0,8126.0,9934.5,8973.5,8323.5,8948.0,5283.0,6508.5,7493.5,7699.0,5554.0,8414.0,8088.0,6070.0,10012.0,7458.5,9217.5,8091.5,9505.5,10577.0,18081.0,7860.0,20317.0,5934.0,6355.5,18769.5,7640.5,0.0,28642.0,39812.5,12886.0,21395.0,26428.5,7094.0,20601.0,18830.5,17444.0,13744.5,5490.5,4392.5,7641.0,5528.0,6155.0,6014.5,5055.5,8018.0,6792.5,5827.0,9397.5,6007.0,20538.5,8743.5,5082.0,11909.5,9121.5,15231.0,18718.0,8499.0,8693.5,10161.0,7456.0,7574.0,8535.0,8954.0,10984.5,8012.5,6221.0,6907.5,4607.0,7922.5,5451.5,8336.0,6802.5,9374.0,8436.0,5216.0,11465.0,11387.5,18065.0,16772.0,13006.5,12108.0,9131.5,13917.5,9084.0,18566.0,14634.0,9270.0
B_Mithila1.jpg_persistence.pkl,25764.5,28427.5,26189.0,30483.5,25456.0,31914.5,30452.0,30069.5,30625.0,25609.5,34759.5,32054.0,30121.0,30486.5,30805.5,32294.5,32401.0,33046.0,30143.5,31811.0,29321.5,29749.5,30863.5,31394.0,30643.5,32256.5,34414.0,33355.0,34328.5,32376.0,27809.5,23769.5,18376.5,31593.5,32649.0,30299.5,31775.5,13560.0,26675.5,28642.0,0.0,17339.0,21975.5,9442.5,21674.5,31594.0,18125.0,13608.0,19399.5,20589.5,29913.0,28106.5,32310.5,27573.0,30322.5,30260.5,28749.5,33530.0,31572.5,28955.0,27464.0,26764.0,21015.0,22393.5,30002.5,21885.5,24424.0,25652.5,16688.5,25076.0,27452.5,32916.5,28185.5,28276.5,30318.5,30158.5,28052.5,30420.5,28074.5,32632.0,27355.5,34824.5,33184.5,30220.5,24030.0,22601.0,33807.0,30376.5,37380.0,30408.0,22548.0,19434.5,27859.5,30172.0,35615.5,25879.0,27281.5,16841.0,20105.0,33034.5
B_Mithila10.jpg_persistence.pkl,37594.0,37118.0,34374.0,40778.0,32023.5,43806.0,40708.0,40025.5,41424.0,36770.0,44990.5,42038.0,41056.0,41852.5,39863.0,42361.0,42293.5,42895.0,41225.0,42244.0,38695.5,38186.5,41865.0,40419.5,41168.5,43713.0,44270.5,43843.5,44487.0,42395.5,39974.5,36126.0,24540.5,42885.0,46510.0,42069.5,42920.5,25132.5,35369.0,39812.5,17339.0,0.0,35488.0,21196.5,22184.0,43162.0,25824.0,24889.0,26572.0,34920.0,40219.0,39328.5,42435.5,36482.5,40486.5,40894.0,39070.5,45065.0,42279.5,39038.0,39841.0,38079.5,23383.5,32890.5,40013.0,32052.0,36985.0,30270.0,31409.0,34909.5,36349.0,42264.0,38684.0,37706.5,40075.5,40033.5,37045.5,40201.5,37842.0,41728.0,39046.5,45340.0,44133.0,43078.5,36175.5,35838.5,45806.5,41428.0,49800.5,39213.5,27193.0,29682.0,40067.5,36192.5,45363.5,31901.5,38451.0,23093.5,28950.0,44344.5
B_Mithila2.jpg_persistence.pkl,13330.5,19449.0,17296.0,17369.5,21116.5,17157.0,18381.5,14021.0,18144.0,17328.5,20942.5,19072.5,16153.5,16626.0,19803.0,19626.0,19355.0,20043.0,15372.0,18041.0,16678.0,17739.0,15446.0,19370.0,18198.5,16337.5,21276.5,19189.0,20565.0,19316.5,14268.5,6250.0,18070.5,12825.0,16446.0,14717.0,14507.5,15031.0,13917.0,12886.0,21975.5,35488.0,0.0,16852.0,26592.0,12768.0,17979.5,12500.5,19904.5,6508.5,16269.5,13500.0,18941.5,14668.5,16702.5,16017.5,14947.0,16082.0,17823.0,14871.5,11862.5,9869.5,22228.0,10884.0,15462.0,15320.5,8709.0,20589.5,14045.0,15721.5,17436.0,20885.0,16815.5,16827.5,18555.0,18797.5,19023.0,18296.0,16343.0,18291.0,12413.0,19964.5,16742.0,11336.0,10278.0,6528.5,14744.0,15526.5,17302.5,20348.5,19362.5,11596.0,10883.5,19315.5,20944.5,18057.5,9338.5,16529.5,15660.0,14779.0
B_Mithila3.jpg_persistence.pkl,18360.0,20035.0,17742.5,22560.0,17052.0,24561.0,22529.0,23261.5,22681.5,17453.0,26804.5,23891.5,22450.0,22972.5,22519.0,24227.0,24271.5,24841.0,22501.0,23849.0,21180.5,21560.5,23293.0,23186.5,22732.5,24787.0,26228.5,25497.0,26351.5,24275.0,20474.5,17819.0,10408.5,25065.0,31121.5,22967.0,24881.0,6826.5,19155.5,21395.0,9442.5,21196.5,16852.0,0.0,14612.0,24975.5,17997.5,12466.0,11481.0,16153.5,22031.5,20756.5,24238.5,19929.0,22396.5,22620.0,21070.0,26099.5,23707.0,21380.0,20340.5,19952.5,12969.0,15257.5,22315.5,14031.5,17681.5,17210.0,11885.5,16831.0,19119.5,24835.5,19983.0,20047.5,22331.5,22029.5,20488.0,22302.5,20133.5,25019.5,20101.0,27069.0,25893.0,23293.5,17160.5,16603.5,27158.5,22808.0,30724.0,22305.0,14441.5,13248.0,21911.5,22227.5,27681.5,17797.0,21408.0,9797.5,12379.5,25874.0
B_Mithila4.jpeg_persistence.pkl,24603.5,21009.5,19909.5,25385.0,16899.0,29718.0,24569.5,28304.0,25808.5,22563.0,28727.0,25917.5,26305.5,26895.0,23957.5,26009.0,26590.5,26833.0,26904.5,26863.5,24364.5,23763.0,27391.0,24919.5,25419.0,29344.5,28088.0,28167.0,28124.0,26420.0,27491.0,25519.0,16057.5,30515.5,39817.5,28448.5,29861.0,16701.5,23762.0,26428.5,21674.5,22184.0,26592.0,14612.0,0.0,30503.5,25857.0,23428.0,13730.5,26623.0,25364.5,26481.5,26395.5,23708.5,25238.0,26032.0,24647.5,30658.5,27076.0,25774.5,27210.0,26442.5,10364.0,21740.5,26614.5,20288.5,25770.0,16010.0,21348.0,21447.5,20555.0,26156.0,24336.0,22419.0,24807.5,24306.0,23137.0,24305.5,23635.0,28895.5,26081.0,30517.5,30167.5,30858.0,24338.0,25160.0,33244.0,26785.5,37018.0,26702.0,13642.5,22016.0,30680.5,25238.5,30170.0,20531.5,28423.0,12842.0,19459.5,31511.0
B_Mithila5.jpg_persistence.pkl,13241.0,15704.0,15814.0,11240.0,20063.5,13664.5,12795.5,10971.5,12563.5,16987.0,11312.0,12624.0,9508.5,11731.0,13876.0,12265.0,12756.5,12926.0,10249.5,11177.0,11612.0,12651.5,9011.0,13385.0,12361.0,8973.0,14160.0,11054.5,11366.0,11954.5,13060.0,9958.0,21942.0,5072.5,16543.0,9590.5,7446.5,22235.0,11538.0,7094.0,31594.0,43162.0,12768.0,24975.5,30503.5,0.0,23879.0,20467.0,21939.0,14942.0,10405.5,8887.5,12190.0,10321.0,10605.0,10383.5,9195.5,9112.0,11837.0,10018.5,12464.5,6634.5,24651.0,11957.5,8985.5,16523.5,11447.0,20172.5,21295.0,13818.5,13772.5,14023.0,12064.0,12025.0,13018.0,13480.5,15220.5,12655.0,11915.5,11175.5,8672.5,11736.0,9051.5,8260.5,10134.0,10721.0,7178.5,10026.5,8112.5,15392.5,22397.5,19010.5,13196.0,16827.0,12162.0,17773.0,9646.0,21817.0,18474.5,10032.0
B_Mithila6.jpg_persistence.pkl,23744.0,24868.0,22602.5,24279.5,22982.5,28588.5,25776.0,20475.0,26510.5,25107.5,27518.5,25940.5,24393.5,26713.0,25924.0,26902.5,25429.0,26661.0,23549.5,24870.0,23448.0,23668.5,24171.0,25456.0,25910.5,25562.0,27560.5,25745.5,27682.0,26077.0,24833.5,18758.5,19141.0,22923.5,27116.5,24642.0,23025.0,17164.0,18877.0,20601.0,18125.0,25824.0,17979.5,17997.5,25857.0,23879.0,0.0,11237.5,20066.0,19954.0,22313.5,21142.0,25161.5,20291.0,23808.5,23970.0,21860.5,27503.0,24900.0,23033.0,24729.5,19490.5,21962.0,15519.0,22368.5,20443.0,21690.0,22080.5,22058.5,21857.5,23372.0,27487.0,24564.5,23684.5,24854.0,26397.0,23918.5,25103.0,22296.0,22625.5,21927.5,26422.5,24624.5,24763.0,19708.0,18356.0,25911.5,22921.5,29968.5,25883.5,21056.0,16696.0,24205.0,21756.0,27022.5,20905.5,20699.0,18194.5,19525.5,27702.5
