,Dey1.jpg_persistence.pkl,Dey10.jpeg_persistence.pkl,Dey2.jpg_persistence.pkl,Dey3.jpeg_persistence.pkl,Dey4.jpg_persistence.pkl,Dey5.jpg_persistence.pkl,Dey6.jpg_persistence.pkl,Dey7.jpeg_persistence.pkl,Dey8.jpg_persistence.pkl,Dey9.jpg_persistence.pkl,Gen1.jpg_persistence.pkl,Gen10.jpg_persistence.pkl,Gen2.jpg_persistence.pkl,Gen3.jpg_persistence.pkl,Gen4.png_persistence.pkl,Gen5.jpeg_persistence.pkl,Gen6.jpg_persistence.pkl,Gen7.jpg_persistence.pkl,Gen8.jpg_persistence.pkl,Gen9.jpg_persistence.pkl,Goya1.jpg_persistence.pkl,Goya10.jpg_persistence.pkl,Goya2.jpg_persistence.pkl,Goya3.jpg_persistence.pkl,Goya4.jpg_persistence.pkl,Goya5.jpg_persistence.pkl,Goya6.jpg_persistence.pkl,Goya7.jpg_persistence.pkl,Goya8.jpg_persistence.pkl,Goya9.jpg_persistence.pkl,Klimt1.jpg_persistence.pkl,Klimt10.jpeg_persistence.pkl,Klimt2.jpg_persistence.pkl,Klimt3.jpg_persistence.pkl,Klimt4.jpg_persistence.pkl,Klimt5.jpg_persistence.pkl,Klimt6.jpg_persistence.pkl,Klimt7.jpg_persistence.pkl,Klimt8.jpg_persistence.pkl,Klimt9.jpg_persistence.pkl,Mithila1.jpg_persistence.pkl,Mithila10.jpg_persistence.pkl,Mithila2.jpg_persistence.pkl,Mithila3.jpg_persistence.pkl,Mithila4.jpeg_persistence.pkl,Mithila5.jpg_persistence.pkl,Mithila6.jpg_persistence.pkl,Mithila7.jpeg_persistence.pkl,Mithila8.jpeg_persistence.pkl,Mithila9.jpg_persistence.pkl,Raja1.jpg_persistence.pkl,Raja10.jpg_persistence.pkl,Raja2.jpg_persistence.pkl,Raja3.jpg_persistence.pkl,Raja4.jpg_persistence.pkl,Raja5.jpeg_persistence.pkl,Raja6.jpg_persistence.pkl,Raja7.jpg_persistence.pkl,Raja8.jpg_persistence.pkl,Raja9.jpg_persistence.pkl,Ren1.jpg_persistence.pkl,Ren10.jpg_persistence.pkl,Ren2.jpg_persistence.pkl,Ren3.jpg_persistence.pkl,Ren4.jpg_persistence.pkl,Ren5.jpg_persistence.pkl,Ren6.jpg_persistence.pkl,Ren7.jpg_persistence.pkl,Ren8.jpg_persistence.pkl,Ren9.jpeg_persistence.pkl,Robert1.jpg_persistence.pkl,Robert10.jpg_persistence.pkl,Robert2.jpg_persistence.pkl,Robert3.jpg_persistence.pkl,Robert4.jpg_persistence.pkl,Robert5.jpg_persistence.pkl,Robert6.jpg_persistence.pkl,Robert7.jpg_persistence.pkl,Robert8.jpg_persistence.pkl,Robert9.jpg_persistence.pkl,Sid1.jpeg_persistence.pkl,Sid10.jpg_persistence.pkl,Sid2.jpeg_persistence.pkl,Sid3.jpg_persistence.pkl,Sid4.jpg_persistence.pkl,Sid5.jpeg_persistence.pkl,Sid6.jpeg_persistence.pkl,Sid7.jpg_persistence.pkl,Sid8.jpg_persistence.pkl,Sid9.jpg_persistence.pkl,Vin1.jpg_persistence.pkl,Vin10.jpg_persistence.pkl,Vin2.jpg_persistence.pkl,Vin3.jpg_persistence.pkl,Vin4.jpg_persistence.pkl,Vin5.jpg_persistence.pkl,Vin6.jpg_persistence.pkl,Vin7.jpg_persistence.pkl,Vin8.jpeg_persistence.pkl,Vin9.jpg_persistence.pkl
Dey1.jpg_persistence.pkl,0.0,17931.0,8582.5,17975.0,4180.5,10895.0,16953.5,9908.0,18347.5,9409.5,17688.0,16849.5,8369.5,17940.5,18136.5,17572.5,16265.5,18320.5,16516.5,18130.5,17663.5,17240.0,16366.0,17947.5,18387.5,16149.0,17830.5,17570.5,18080.5,18144.5,6531.5,10319.0,9286.5,2655.5,15451.5,15286.0,13285.0,3991.5,14655.0,16360.5,10525.0,10779.0,12985.0,7696.0,26229.0,14140.5,9223.5,12228.5,8690.5,15739.0,5907.0,16204.5,12101.5,6901.5,6848.5,17947.5,15548.0,18123.0,17914.5,17934.0,10318.0,11288.5,16773.0,5091.0,7908.0,10190.0,13358.5,5277.5,28720.0,18345.5,7581.5,18388.0,10085.5,13548.5,17563.0,18387.0,18368.0,18388.0,17956.5,11029.5,6626.0,10866.0,6162.0,11893.0,7103.5,12648.5,10358.5,5932.0,9264.0,14219.0,11788.5,7640.5,7266.5,8821.5,9510.0,5861.5,5995.0,8279.5,16104.5,16070.5
Dey10.jpeg_persistence.pkl,17931.0,0.0,9593.5,201.0,19586.0,7328.5,1024.0,12006.5,440.0,9135.0,411.5,1261.0,10091.0,261.0,389.5,465.0,1726.5,405.5,1464.5,264.5,342.0,948.5,1705.5,189.5,469.5,1873.0,276.5,668.0,308.5,269.0,12292.0,8706.5,12596.5,17763.0,2623.5,2832.5,12452.0,20278.5,3410.0,1645.5,9730.5,26027.0,7282.5,24510.0,43507.5,4254.5,9719.0,29599.0,12782.5,2347.5,12788.0,1862.0,6201.0,22728.0,11750.5,317.5,2457.0,336.5,230.0,240.0,8196.5,7030.0,34018.0,21141.5,10777.0,23878.5,4868.5,13560.5,45221.0,430.0,10882.0,470.0,8260.5,4625.0,492.5,469.0,451.0,470.0,224.5,9767.5,14327.0,7999.5,13994.5,28328.0,12641.5,5643.5,27638.5,13271.5,26597.5,3803.5,8049.0,13392.0,21414.0,25867.5,8977.5,12760.5,21541.0,24583.0,32409.0,32488.5
Dey2.jpg_persistence.pkl,8582.5,9593.5,0.0,9633.0,10424.5,3277.5,8614.5,5207.5,10004.5,2354.5,9346.0,8649.5,2191.5,9597.0,9820.5,9257.5,8011.0,9977.5,8185.0,9788.0,9329.0,8961.0,8238.0,9606.5,10044.5,7932.5,9490.0,9322.5,9740.0,9802.5,4352.0,3184.0,4684.0,8556.5,7310.0,7159.5,10943.5,10898.0,6496.5,8065.5,4795.5,17145.5,5425.5,15272.5,34307.5,6370.0,2799.5,20228.5,4478.0,7712.0,3736.0,8024.0,4205.5,13583.5,3872.0,9605.5,7285.0,9781.0,9579.0,9589.5,2789.0,3724.5,24764.0,12094.0,3321.0,15861.5,5115.5,4779.0,36379.5,10003.0,3451.5,10045.0,3705.5,5402.0,9226.5,10044.0,10025.5,10045.0,9613.0,4614.0,6707.5,4006.5,5472.0,19375.5,4616.5,4800.0,18377.0,4288.0,17235.5,5885.0,5123.5,4682.0,12177.5,16476.5,2880.0,4522.5,12803.0,15556.0,23544.0,23501.0
Dey3.jpeg_persistence.pkl,17975.0,201.0,9633.0,0.0,19643.0,7367.5,1095.0,12049.5,378.5,9193.5,392.0,1291.0,10141.0,223.0,277.5,484.0,1755.5,358.0,1492.0,190.5,372.0,967.5,1750.5,181.5,413.5,1913.5,239.5,700.5,200.5,202.0,12329.0,8750.5,12637.5,17804.0,2652.0,2873.5,12425.5,20334.0,3453.5,1676.0,9767.0,26076.0,7330.5,24562.5,43557.0,4293.5,9760.5,29653.5,12824.0,2375.0,12836.0,1909.5,6247.5,22781.5,11799.5,230.5,2489.0,233.0,215.0,215.0,8231.5,7068.0,34072.5,21176.5,10832.0,23936.5,4905.5,13598.0,45277.5,373.5,10918.5,414.0,8302.0,4671.0,496.5,413.0,396.0,414.0,194.5,9810.5,14362.0,8053.5,14046.5,28365.5,12643.0,5693.0,27683.5,13319.5,26650.5,3846.0,8097.5,13438.0,21462.0,25919.5,9014.5,12807.5,21578.0,24637.5,32454.5,32526.5
Dey4.jpg_persistence.pkl,4180.5,19586.0,10424.5,19643.0,0.0,12689.0,18626.0,11321.0,20012.5,11571.5,19352.5,18522.0,9838.5,19602.5,19799.5,19239.5,17981.5,19985.0,18184.5,19795.0,19332.5,18851.0,18135.5,19614.0,20052.0,17896.0,19501.0,19247.5,19747.0,19808.5,8449.5,13060.0,10991.5,4905.5,17453.5,17031.0,14267.5,5032.0,16477.5,18072.5,13389.0,10954.0,14625.5,7395.0,24355.0,16471.0,12007.0,10474.0,10195.5,17863.0,7900.0,17866.0,13815.0,4703.0,8247.5,19613.5,17234.5,19788.0,19583.5,19595.5,12524.0,13722.5,15152.0,5096.0,10664.5,8248.5,15246.0,7693.5,27462.5,20009.5,9266.5,20052.5,11862.5,15353.0,19302.0,20051.5,20032.5,20052.5,19619.5,12590.0,9334.0,13428.5,8732.0,11008.5,9447.0,14574.0,9856.5,8526.5,7797.5,15874.0,14611.0,10583.0,8931.0,7725.5,11542.0,8281.0,5742.0,7332.5,14864.5,15123.5
Dey5.jpg_persistence.pkl,10895.0,7328.5,3277.5,7367.5,12689.0,0.0,6367.5,5767.5,7733.5,3043.0,7082.0,6233.5,4025.0,7329.0,7525.0,6966.5,5793.0,7707.5,5946.5,7520.0,7062.0,6627.0,5904.0,7339.0,7773.5,5653.5,7228.0,6949.0,7470.5,7532.0,6065.0,3602.0,5998.0,10959.5,5306.5,4926.0,11529.5,13214.0,4505.5,5851.0,4572.5,19185.0,3872.0,17424.0,36505.0,4413.0,3997.5,22421.5,6107.5,5666.5,5854.5,5661.5,3292.0,15788.5,5122.0,7338.0,4990.0,7511.0,7307.0,7322.0,3420.5,2993.5,26973.0,14502.0,5018.0,18126.5,3602.5,7202.5,38679.5,7731.0,4498.5,7774.0,4091.5,3908.5,6975.5,7773.0,7754.5,7774.0,7341.5,4360.5,8029.5,3326.5,7362.5,21681.5,7045.5,3090.0,20516.5,6413.5,19435.5,3893.0,4254.0,6747.5,14450.5,18733.0,3855.0,6625.5,14989.0,17902.5,25825.5,25894.0
Dey6.jpg_persistence.pkl,16953.5,1024.0,8614.5,1095.0,18626.0,6367.5,0.0,11035.5,1400.0,8179.5,885.5,791.0,9131.0,1024.5,1270.0,794.0,1049.5,1374.5,610.0,1211.0,952.5,672.5,1224.5,1055.5,1439.5,1337.5,970.5,1043.5,1158.0,1213.0,11319.5,7746.5,11647.0,16782.0,1833.0,1938.5,11864.0,19312.5,2618.0,1099.0,8775.0,25066.0,6330.0,23540.0,42539.5,3384.5,8745.5,28630.0,11811.0,1872.0,11816.0,1079.5,5256.0,21761.0,10788.5,1033.5,1601.5,1222.5,1048.0,1001.0,7251.5,6059.0,33049.0,20160.5,9850.0,22955.5,3916.5,12585.0,44254.0,1398.0,9899.5,1440.0,7294.5,3675.0,1011.0,1439.0,1427.0,1440.0,1036.0,8796.5,13383.5,7065.5,13044.5,27342.0,11702.5,4698.5,26661.0,12302.0,25626.5,2867.0,7109.0,12423.5,20449.0,24899.5,8029.5,11820.5,20562.5,23621.5,31435.0,31506.0
Dey7.jpeg_persistence.pkl,9908.0,12006.5,5207.5,12049.5,11321.0,5767.5,11035.5,0.0,12412.5,5066.5,11758.5,10813.0,5450.5,12016.0,12203.0,11631.0,10381.5,12387.5,10597.5,12198.0,11741.0,11266.0,10382.0,12017.5,12452.5,10243.5,11904.0,11511.5,12152.5,12210.0,5507.0,5528.0,2405.0,10436.0,9591.0,9270.5,10521.0,12251.5,8755.0,10430.5,6808.0,17391.0,5418.5,15875.0,33712.5,8313.0,5834.0,19414.0,2193.5,9940.0,5088.5,10199.0,6178.0,14419.5,5524.0,12014.0,9630.5,12189.5,11983.0,12003.0,4753.0,5868.5,24010.5,13234.0,4777.0,17098.5,7612.0,7204.0,37439.5,12410.5,5045.0,12453.0,5393.0,7830.5,11654.0,12452.0,12433.0,12453.0,12025.0,3122.0,9180.0,6235.5,8067.0,20397.5,7197.0,6645.5,17817.0,6761.5,16140.5,8381.5,7129.0,7176.5,14100.0,16838.0,4288.5,6612.0,13879.5,16703.5,24711.5,24522.0
Dey8.jpg_persistence.pkl,18347.5,440.0,10004.5,378.5,20012.5,7733.5,1400.0,12412.5,0.0,9563.0,663.0,1641.0,10506.5,411.5,217.0,791.5,2119.0,34.5,1843.5,234.0,689.0,1237.0,2101.5,401.5,41.0,2270.5,524.5,929.0,270.0,208.5,12698.5,9122.0,13002.5,18176.0,3018.0,3236.5,12443.0,20706.5,3822.0,2026.0,10133.5,26443.0,7701.0,24934.5,43930.5,4660.5,10131.0,30026.5,13196.0,2740.0,13207.5,2265.0,6606.5,23153.5,12171.0,401.5,2847.0,232.0,436.0,418.5,8602.5,7438.0,34446.0,21549.5,11164.5,24247.0,5272.0,13969.5,45650.0,78.5,11286.5,40.5,8669.0,5027.0,796.0,41.5,60.5,40.5,395.5,10179.5,14705.5,8424.0,14419.5,28738.0,12982.0,6063.5,28056.5,13690.5,27023.5,4196.5,8468.0,13810.0,21834.5,26293.0,9380.5,13167.0,21950.0,25011.0,32827.0,32899.0
Dey9.jpg_persistence.pkl,9409.5,9135.0,2354.5,9193.5,11571.5,3043.0,8179.5,5066.5,9563.0,0.0,8904.0,8057.5,3131.5,9156.0,9355.0,8794.5,7480.0,9536.0,7741.5,9346.5,8888.0,8456.5,7630.0,9163.5,9603.0,7364.0,9047.0,8802.5,9297.5,9359.0,4765.5,2444.5,4632.5,9030.5,6894.5,6647.5,11820.0,11442.5,5892.5,7566.5,3263.5,17320.0,5041.5,15490.0,34565.0,5704.0,2027.5,20586.0,4465.0,7155.0,4363.0,7504.0,4253.5,14312.0,4963.0,9162.0,6761.0,9338.0,9131.0,9149.5,2676.0,2794.5,25001.0,12708.0,3762.0,16925.5,4956.0,5393.0,36665.5,9560.5,4474.5,9603.5,4235.0,5159.0,8944.5,9602.5,9583.5,9603.5,9172.5,4514.5,6893.5,2598.5,5467.5,19751.0,5350.0,4173.0,18618.0,4496.0,17560.5,5440.5,3772.0,4669.0,12628.5,16858.0,3386.5,4953.0,13185.0,16048.0,23950.0,24025.5
Gen1.jpg_persistence.pkl,17688.0,411.5,9346.0,392.0,19352.5,7082.0,885.5,11758.5,663.0,8904.0,0.0,1054.5,9855.5,300.0,545.0,437.0,1501.5,638.0,1263.0,490.0,367.5,770.5,1532.5,405.5,703.0,1695.5,223.0,583.0,447.5,480.0,12041.0,8467.0,12355.5,17513.5,2378.0,2588.0,12245.5,20044.5,3176.5,1415.0,9484.0,25790.0,7049.5,24273.5,43338.5,4014.0,9473.0,29363.5,12536.5,2134.5,12548.0,1635.5,5968.0,22493.5,11516.0,309.0,2208.0,486.5,462.0,340.5,7946.5,6778.0,33790.0,20889.0,10543.5,23642.0,4622.0,13308.5,45016.0,661.0,10628.5,703.5,8016.5,4378.0,337.5,702.5,689.0,703.5,387.5,9524.0,14071.5,7767.0,13762.5,28075.0,12351.5,5403.0,27393.5,13030.0,26361.0,3608.5,7812.0,13149.5,21174.0,25632.0,8727.0,12528.5,21290.0,24349.5,32179.5,32236.5
Gen10.jpg_persistence.pkl,16849.5,1261.0,8649.5,1291.0,18522.0,6233.5,791.0,10813.0,1641.0,8057.5,1054.5,0.0,9141.0,1253.0,1441.5,938.5,1099.5,1616.5,905.0,1435.5,1049.5,732.0,928.5,1268.0,1680.5,1251.5,1149.5,891.0,1395.5,1446.0,11495.5,7695.5,11405.0,16747.5,1809.0,1808.0,12233.5,19118.5,2549.0,1190.5,8617.0,24955.0,6095.5,23325.0,42457.0,3349.5,8637.5,28395.5,11577.5,1801.0,11690.0,903.0,5165.0,21691.5,10756.0,1275.5,1595.0,1425.5,1255.0,1260.0,7363.5,6063.0,32922.5,20187.5,10046.0,23099.0,4113.0,12654.0,44405.5,1638.5,9928.0,1681.0,7233.5,3670.0,1047.5,1680.0,1662.0,1681.0,1263.5,8570.5,13347.0,6916.5,12969.0,27349.5,11880.5,4570.5,26430.5,12168.0,25405.5,3178.5,7099.0,12248.5,20375.0,24701.0,8161.0,11904.5,20614.0,23690.0,31522.5,31632.0
Gen2.jpg_persistence.pkl,8369.5,10091.0,2191.5,10141.0,9838.5,4025.0,9131.0,5450.5,10506.5,3131.5,9855.5,9141.0,0.0,10103.5,10303.0,9772.0,8607.5,10477.5,8694.5,10290.5,9858.0,9441.5,8826.0,10114.5,10544.5,8529.5,10002.0,9790.5,10247.5,10302.5,3551.0,4498.5,5175.0,8062.5,8111.0,7833.5,10284.5,10470.0,7242.5,8601.5,5164.5,16487.5,6391.0,14728.0,33665.0,7298.0,4027.5,19621.5,4771.5,8523.0,3443.0,8553.0,5028.0,12940.0,3016.5,10115.0,7810.5,10285.5,10086.0,10094.5,3646.5,4810.0,24137.0,11660.5,3423.5,14622.5,5932.5,4532.5,35579.0,10502.0,2678.5,10545.0,3791.0,6075.5,9814.0,10544.0,10526.0,10545.0,10118.0,5127.5,6115.5,4942.5,4868.0,18707.0,4035.0,5739.0,17782.5,4112.5,16729.5,6475.5,5995.0,4940.0,11819.5,16060.0,3298.5,4234.0,12107.0,14958.5,22788.5,22940.0
Gen3.jpg_persistence.pkl,17940.5,261.0,9597.0,223.0,19602.5,7329.0,1024.5,12016.0,411.5,9156.0,300.0,1253.0,10103.5,0.0,329.5,426.0,1731.5,385.5,1458.0,283.5,435.0,872.0,1747.5,254.5,450.5,1885.5,182.5,669.0,220.0,245.0,12292.5,8719.5,12602.0,17765.5,2629.5,2842.0,12359.5,20296.0,3420.0,1674.0,9746.5,26050.0,7297.5,24524.5,43520.5,4269.0,9722.5,29616.0,12791.0,2371.0,12799.0,1883.5,6209.0,22743.0,11764.0,206.5,2449.5,266.0,319.0,210.5,8197.0,7029.0,34035.5,21141.0,10801.0,23872.5,4866.0,13560.0,45240.0,410.0,10877.5,451.0,8264.5,4623.5,492.0,450.0,441.5,451.0,232.5,9772.0,14312.0,8018.0,14014.5,28328.0,12596.0,5661.5,27646.5,13281.5,26613.5,3794.5,8062.5,13402.5,21425.5,25883.0,8973.5,12770.5,21542.5,24601.5,32417.5,32488.5
Gen4.png_persistence.pkl,18136.5,389.5,9820.5,277.5,19799.5,7525.0,1270.0,12203.0,217.0,9355.0,545.0,1441.5,10303.0,329.5,0.0,627.5,1958.5,223.0,1701.5,243.5,520.5,1055.0,1903.0,384.0,256.5,2064.5,379.0,788.0,170.5,203.5,12552.5,8925.5,12792.0,17969.0,2832.5,3039.5,12410.5,20496.0,3645.0,1870.5,9922.5,26231.5,7491.5,24725.0,43721.5,4491.5,9922.5,29811.5,12984.5,2560.5,13005.0,2063.5,6404.5,22951.0,11967.5,289.5,2647.5,175.5,372.0,294.0,8397.5,7225.0,34231.0,21360.0,11025.0,24061.0,5107.0,13765.0,45437.0,263.5,11096.5,256.0,8459.0,4815.5,637.0,257.0,270.0,256.0,308.5,9967.5,14527.5,8225.5,14224.5,28531.5,12859.5,5860.0,27843.0,13475.5,26810.0,4056.5,8257.5,13596.5,21633.0,26086.5,9209.5,12994.0,21738.5,24807.0,32616.5,32704.5
Gen5.jpeg_persistence.pkl,17572.5,465.0,9257.5,484.0,19239.5,6966.5,794.0,11631.0,791.5,8794.5,437.0,938.5,9772.0,426.0,627.5,0.0,1442.5,766.0,1210.0,612.0,469.0,644.0,1400.5,491.5,831.0,1536.0,352.5,497.5,544.0,599.0,12000.5,8351.0,12240.0,17404.5,2301.5,2485.5,12259.0,19939.5,3076.5,1416.5,9365.0,25686.5,6922.0,24152.5,43145.0,3894.0,9366.0,29238.5,12422.0,2083.0,12428.5,1527.0,5855.0,22385.5,11399.0,466.5,2114.0,596.0,475.0,434.5,7909.5,6672.0,33660.5,20791.0,10539.0,23604.0,4586.0,13239.0,44900.0,793.0,10540.5,831.5,7930.0,4277.5,503.5,830.5,812.5,831.5,458.0,9397.0,13973.5,7662.5,13656.5,28000.5,12378.5,5295.0,27272.5,12909.5,26239.0,3538.5,7721.5,13033.0,21056.0,25513.5,8680.0,12439.0,21227.0,24286.0,32069.5,32187.0
Gen6.jpg_persistence.pkl,16265.5,1726.5,8011.0,1755.5,17981.5,5793.0,1049.5,10381.5,2119.0,7480.0,1501.5,1099.5,8607.5,1731.5,1958.5,1442.5,0.0,2090.5,888.5,1909.0,1476.0,1300.0,778.5,1740.5,2156.0,635.0,1618.5,1618.0,1875.5,1916.0,10690.0,7040.5,10966.5,16083.5,1127.0,1353.0,12394.5,18613.0,1816.5,528.0,8100.5,24382.0,5639.0,22826.5,41902.0,2657.5,8042.0,27918.0,11122.0,1012.0,11120.0,1005.5,4852.5,21056.0,10222.5,1752.0,1095.5,1905.5,1719.5,1721.5,6578.0,5365.0,32337.5,19489.5,9352.0,22547.0,3403.0,11900.5,43594.5,2118.0,9252.5,2156.5,6686.0,3322.0,1564.0,2155.5,2136.5,2156.5,1744.0,8162.5,12783.5,6376.0,12337.5,26656.5,11197.5,3996.0,25949.5,11597.5,24916.0,2580.0,6409.5,11720.0,19740.0,24189.0,7379.5,11189.0,19899.5,22915.0,30762.0,30833.5
Gen7.jpg_persistence.pkl,18320.5,405.5,9977.5,358.0,19985.0,7707.5,1374.5,12387.5,34.5,9536.0,638.0,1616.5,10477.5,385.5,223.0,766.0,2090.5,0.0,1817.5,199.5,669.0,1210.0,2075.5,398.5,67.0,2246.5,496.5,894.5,244.0,190.0,12671.5,9096.0,12974.5,18149.0,2992.0,3211.0,12408.5,20679.5,3797.0,2005.0,10108.5,26418.5,7673.5,24907.5,43903.5,4635.0,10104.0,29999.5,13169.0,2716.0,13180.5,2243.5,6579.5,23126.5,12145.0,376.0,2819.0,206.5,411.5,396.0,8575.5,7410.5,34419.0,21522.5,11142.5,24213.0,5246.0,13942.5,45623.0,76.5,11259.5,67.5,8642.0,5001.0,772.0,66.5,61.0,67.5,372.5,10153.5,14679.0,8397.5,14392.5,28711.0,12956.5,6037.5,28029.5,13663.5,26997.0,4171.0,8442.5,13782.5,21807.5,26267.0,9354.0,13143.0,21923.0,24984.0,32800.0,32872.0
Gen8.jpg_persistence.pkl,16516.5,1464.5,8185.0,1492.0,18184.5,5946.5,610.0,10597.5,1843.5,7741.5,1263.0,905.0,8694.5,1458.0,1701.5,1210.0,888.5,1817.5,0.0,1638.0,1325.0,1035.0,1175.5,1459.5,1883.0,1137.0,1382.0,1391.0,1590.0,1646.0,10868.5,7318.5,11206.5,16339.5,1442.5,1543.0,11733.5,18876.0,2246.5,929.5,8340.5,24625.5,5907.0,23099.0,42128.0,2983.0,8321.0,28185.0,11371.0,1705.0,11376.0,806.0,4850.5,21320.5,10359.5,1456.0,1272.5,1657.0,1451.5,1440.5,6813.0,5630.5,32604.0,19717.5,9442.5,22578.5,3528.5,12140.5,43813.0,1841.0,9463.0,1883.5,6855.5,3275.5,1381.0,1882.5,1864.0,1883.5,1489.0,8367.5,12986.0,6604.0,12600.0,26904.5,11277.5,4268.5,26222.0,11870.5,25184.0,2446.5,6674.5,11984.0,20013.5,24463.0,7564.5,11380.5,20117.0,23173.5,30989.0,31064.5
Gen9.jpg_persistence.pkl,18130.5,264.5,9788.0,190.5,19795.0,7520.0,1211.0,12198.0,234.0,9346.5,490.0,1435.5,10290.5,283.5,243.5,612.0,1909.0,199.5,1638.0,0.0,490.0,1064.5,1891.5,284.0,258.0,2058.5,346.5,781.5,210.5,107.0,12484.5,8904.5,12789.0,17958.0,2812.0,3024.0,12436.5,20489.0,3608.0,1828.5,9928.0,26234.5,7483.5,24717.5,43712.5,4446.5,9914.0,29809.5,12982.0,2531.5,12990.0,2050.0,6396.5,22937.0,11954.5,271.5,2632.5,180.0,306.0,272.5,8385.5,7221.5,34228.5,21332.0,10977.0,24058.5,5057.5,13751.5,45432.5,222.0,11071.5,258.5,8456.5,4818.5,589.0,257.5,246.5,258.5,254.5,9964.5,14501.0,8209.5,14203.5,28521.0,12785.5,5847.5,27838.5,13473.0,26805.5,3986.0,8251.5,13592.0,21617.5,26075.5,9166.0,12950.5,21733.5,24793.5,32610.0,32682.0
Goya1.jpg_persistence.pkl,17663.5,342.0,9329.0,372.0,19332.5,7062.0,952.5,11741.0,689.0,8888.0,367.5,1049.5,9858.0,435.0,520.5,469.0,1476.0,669.0,1325.0,490.0,0.0,910.0,1436.5,345.5,728.0,1604.0,326.5,705.0,473.5,510.0,12060.0,8438.0,12332.0,17489.0,2364.0,2572.0,12524.0,20023.5,3158.5,1394.0,9465.5,25767.0,7021.5,24248.0,43250.5,4000.0,9449.0,29338.5,12518.0,2074.0,12527.0,1665.0,5955.0,22471.0,11501.5,429.5,2189.5,506.0,373.5,376.0,7922.0,6758.0,33759.0,20875.0,10562.0,23702.0,4627.0,13295.5,44966.0,693.0,10610.5,728.5,7998.5,4403.0,450.0,727.5,709.0,728.5,365.0,9505.0,14059.0,7755.0,13744.5,28056.0,12438.5,5388.0,27371.0,13006.0,26335.5,3612.0,7789.0,13127.0,21151.0,25606.0,8720.0,12505.5,21266.5,24325.5,32149.0,32217.0
Goya10.jpg_persistence.pkl,17240.0,948.5,8961.0,967.5,18851.0,6627.0,672.5,11266.0,1237.0,8456.5,770.5,732.0,9441.5,872.0,1055.0,644.0,1300.0,1210.0,1035.0,1064.5,910.0,0.0,1377.0,992.0,1277.0,1504.5,838.0,810.0,992.5,1069.0,11749.0,8042.5,11801.0,17066.5,2062.5,2211.5,11863.5,19573.5,2897.5,1370.5,9022.0,25340.0,6534.0,23775.5,42826.0,3598.0,9017.0,28860.0,12031.0,2047.5,12070.0,1219.5,5498.0,22038.0,11057.5,896.0,1821.5,1069.0,918.5,878.5,7600.5,6348.5,33251.5,20486.5,10273.0,23279.5,4339.0,12949.5,44517.0,1243.5,10252.0,1277.5,7573.5,3954.0,897.5,1276.5,1260.0,1277.5,873.5,9018.0,13633.0,7310.5,13360.0,27686.0,12119.0,4938.5,26901.0,12531.5,25889.5,3358.0,7383.0,12693.5,20709.5,25139.5,8411.5,12178.5,20900.0,23907.0,31775.5,31888.0
Goya2.jpg_persistence.pkl,16366.0,1705.5,8238.0,1750.5,18135.5,5904.0,1224.5,10382.0,2101.5,7630.0,1532.5,928.5,8826.0,1747.5,1903.0,1400.5,778.5,2075.5,1175.5,1891.5,1436.5,1377.0,0.0,1725.0,2140.5,766.0,1660.0,1410.5,1849.5,1911.0,10996.0,7194.0,10983.0,16250.0,1368.0,1417.5,12603.5,18689.5,2068.5,861.0,8140.0,24486.5,5673.5,22874.5,41998.0,2859.5,8178.5,27946.0,11129.5,1277.0,11202.0,982.5,4976.0,21210.5,10399.5,1767.0,1416.0,1906.5,1689.0,1717.5,6895.5,5552.5,32460.0,19660.0,9627.5,22807.0,3797.0,12150.0,43875.5,2098.5,9480.5,2141.0,6841.0,3548.0,1466.5,2140.0,2121.0,2141.0,1728.0,8205.0,12968.0,6419.5,12483.5,26836.5,11511.0,4067.0,25982.0,11669.0,24956.0,3054.5,6579.5,11774.5,19888.5,24240.5,7711.0,11455.0,20108.0,23180.0,31025.0,31113.0
Goya3.jpg_persistence.pkl,17947.5,189.5,9606.5,181.5,19614.0,7339.0,1055.5,12017.5,401.5,9163.5,405.5,1268.0,10114.5,254.5,384.0,491.5,1740.5,398.5,1459.5,284.0,345.5,992.0,1725.0,0.0,441.5,1882.0,276.5,760.0,296.0,249.0,12300.5,8722.5,12612.0,17774.5,2634.0,2848.5,12545.0,20306.0,3425.0,1655.0,9744.5,26050.5,7303.5,24533.0,43529.0,4264.5,9730.5,29625.0,12796.0,2341.0,12808.0,1881.5,6224.5,22753.5,11771.5,355.5,2460.0,309.5,283.0,295.0,8203.0,7037.5,34045.0,21148.0,10803.5,23927.5,4877.5,13568.5,45248.5,417.5,10889.5,442.0,8275.5,4643.5,493.5,441.0,425.5,442.0,273.5,9784.5,14333.5,8026.0,14020.0,28336.5,12626.5,5664.5,27655.0,13289.5,26622.0,3805.5,8071.5,13410.0,21433.0,25892.0,8982.5,12782.0,21550.0,24609.5,32426.0,32498.5
Goya4.jpg_persistence.pkl,18387.5,469.5,10044.5,413.5,20052.0,7773.5,1439.5,12452.5,41.0,9603.0,703.0,1680.5,10544.5,450.5,256.5,831.0,2156.0,67.0,1883.0,258.0,728.0,1277.0,2140.5,441.5,0.0,2308.5,559.0,961.5,307.5,244.5,12738.5,9162.0,13040.5,18216.0,3057.0,3276.0,12463.5,20746.5,3861.0,2064.5,10173.0,26483.0,7740.5,24974.5,43970.5,4700.5,10171.0,30066.5,13236.0,2780.0,13247.5,2304.5,6646.5,23193.5,12211.0,441.0,2886.0,266.5,475.5,456.5,8642.5,7477.5,34486.0,21589.5,11203.5,24280.0,5311.5,14009.5,45690.0,42.5,11326.5,0.5,8709.0,5067.0,831.5,0.5,19.5,0.5,434.5,10219.5,14745.5,8464.0,14459.0,28778.0,13019.0,6103.5,28096.5,13730.5,27063.5,4236.5,8508.0,13849.5,21874.5,26333.0,9420.5,13206.5,21990.0,25051.0,32867.0,32939.0
Goya5.jpg_persistence.pkl,16149.0,1873.0,7932.5,1913.5,17896.0,5653.5,1337.5,10243.5,2270.5,7364.0,1695.5,1251.5,8529.5,1885.5,2064.5,1536.0,635.0,2246.5,1137.0,2058.5,1604.0,1504.5,766.0,1882.0,2308.5,0.0,1791.5,1614.5,2013.5,2071.0,10701.0,6943.5,10794.5,16001.5,1181.0,1332.0,12694.0,18474.0,1796.5,774.5,7963.5,24243.0,5498.5,22682.5,41713.5,2596.5,7919.0,27772.5,10963.0,1013.5,11003.0,1196.0,4753.5,20959.5,10129.5,1917.0,1064.0,2058.5,1866.0,1872.5,6562.0,5308.0,32187.0,19423.5,9354.0,22555.0,3459.0,11858.5,43534.5,2268.0,9200.5,2309.0,6624.0,3266.5,1742.5,2308.0,2289.0,2309.0,1890.0,8028.5,12687.5,6232.0,12258.5,26563.0,11217.5,3872.0,25797.5,11441.5,24770.0,2620.0,6335.0,11575.5,19637.0,24056.5,7383.0,11147.5,19813.5,22901.5,30677.0,30829.0
Goya6.jpg_persistence.pkl,17830.5,276.5,9490.0,239.5,19501.0,7228.0,970.5,11904.0,524.5,9047.0,223.0,1149.5,10002.0,182.5,379.0,352.5,1618.5,496.5,1382.0,346.5,326.5,838.0,1660.0,276.5,559.0,1791.5,0.0,555.0,295.0,343.0,12215.5,8611.0,12498.5,17658.0,2520.5,2739.5,12337.5,20189.5,3315.0,1554.0,9633.5,25944.5,7190.5,24420.5,43411.5,4160.5,9614.0,29507.5,12686.0,2245.0,12693.0,1779.0,6105.0,22636.5,11657.5,214.0,2345.5,323.5,338.0,229.0,8100.0,6921.5,33928.5,21032.5,10715.0,23790.0,4776.0,13458.0,45140.5,520.5,10772.5,559.5,8159.5,4520.5,424.0,558.5,543.0,559.5,243.0,9666.0,14212.0,7929.5,13905.5,28223.0,12536.5,5559.5,27539.0,13176.0,26506.5,3719.0,7960.0,13296.0,21318.5,25775.5,8868.5,12672.0,21445.5,24497.0,32311.5,32387.5
Goya7.jpg_persistence.pkl,17570.5,668.0,9322.5,700.5,19247.5,6949.0,1043.5,11511.5,929.0,8802.5,583.0,891.0,9790.5,669.0,788.0,497.5,1618.0,894.5,1391.0,781.5,705.0,810.0,1410.5,760.0,961.5,1614.5,555.0,0.0,728.5,760.5,12161.5,8388.0,12087.5,17456.0,2455.0,2426.5,12292.0,19886.0,3206.0,1617.0,9326.5,25699.0,6793.0,24072.5,43081.5,3973.0,9366.0,29188.5,12284.5,2263.5,12407.0,1542.0,5834.0,22351.5,11415.0,637.0,2158.0,756.5,711.5,667.0,8025.0,6761.5,33607.0,20864.5,10721.5,23619.5,4760.5,13329.5,45025.5,937.5,10595.0,962.0,7928.0,4292.5,670.5,961.0,946.5,962.0,661.0,9282.0,14022.0,7640.0,13662.0,28045.5,12503.0,5249.5,27196.5,12841.5,26149.5,3722.0,7778.5,12943.0,21087.0,25477.5,8843.0,12579.5,21300.5,24387.5,32142.5,32326.5
Goya8.jpg_persistence.pkl,18080.5,308.5,9740.0,200.5,19747.0,7470.5,1158.0,12152.5,270.0,9297.5,447.5,1395.5,10247.5,220.0,170.5,544.0,1875.5,244.0,1590.0,210.5,473.5,992.5,1849.5,296.0,307.5,2013.5,295.0,728.5,0.0,170.0,12435.0,8868.0,12738.5,17910.5,2762.0,2980.5,12322.5,20444.0,3564.5,1782.5,9874.5,26181.0,7440.5,24667.0,43663.5,4401.0,9868.5,29759.5,12936.5,2504.5,12945.0,2007.5,6343.0,22889.0,11908.0,192.0,2596.0,191.0,278.0,179.5,8340.5,7174.5,34180.0,21286.0,10912.0,24005.0,5017.0,13705.5,45384.5,277.0,11024.5,308.0,8406.0,4766.5,580.5,307.0,296.0,308.0,187.5,9913.0,14454.5,8159.0,14157.5,28474.5,12741.0,5800.0,27792.0,13426.0,26757.0,3939.5,8211.0,13549.0,21568.5,26026.5,9119.0,12906.0,21685.5,24749.0,32561.5,32633.5
Goya9.jpg_persistence.pkl,18144.5,269.0,9802.5,202.0,19808.5,7532.0,1213.0,12210.0,208.5,9359.0,480.0,1446.0,10302.5,245.0,203.5,599.0,1916.0,190.0,1646.0,107.0,510.0,1069.0,1911.0,249.0,244.5,2071.0,343.0,760.5,170.0,0.0,12496.0,8918.0,12800.5,17971.5,2819.0,3037.0,12427.5,20502.0,3618.0,1838.5,9933.0,26242.5,7497.5,24730.0,43726.0,4457.5,9928.0,29822.0,12993.0,2537.0,13003.5,2070.5,6406.5,22949.0,11966.5,253.5,2651.0,121.5,285.0,268.5,8398.5,7233.5,34241.5,21345.5,10984.5,24064.0,5070.5,13766.0,45445.5,218.0,11083.0,245.0,8467.5,4824.0,615.5,244.0,232.0,245.0,233.0,9975.5,14517.5,8220.5,14215.0,28533.5,12785.0,5862.5,27852.0,13486.0,26819.5,4000.0,8265.5,13605.5,21630.5,26088.5,9178.0,12967.5,21746.5,24806.5,32622.5,32694.5
Klimt1.jpg_persistence.pkl,6531.5,12292.0,4352.0,12329.0,8449.5,6065.0,11319.5,5507.0,12698.5,4765.5,12041.0,11495.5,3551.0,12292.5,12552.5,12000.5,10690.0,12671.5,10868.5,12484.5,12060.0,11749.0,10996.0,12300.5,12738.5,10701.0,12215.5,12161.5,12435.0,12496.0,0.0,6046.0,5091.0,6534.5,10089.0,10117.5,9072.0,8990.0,9196.0,10747.0,6788.5,14697.5,8390.5,12870.5,31570.0,9103.0,5596.0,17614.5,4526.5,10421.5,2599.5,10948.5,7255.5,11073.0,2808.5,12302.0,10107.5,12481.0,12266.5,12284.0,4863.0,6324.0,21942.0,9178.5,3021.5,13025.0,7909.0,3489.5,33144.5,12696.0,2655.0,12739.0,5193.0,8404.5,12047.0,12738.0,12719.0,12739.0,12310.5,6497.0,5923.5,6521.0,4900.5,16237.0,3623.5,7758.0,15660.5,4518.5,14595.5,8578.5,7570.5,6031.5,11039.5,14065.0,3835.5,2807.5,9654.5,12495.5,20421.0,20360.5
Klimt10.jpeg_persistence.pkl,10319.0,8706.5,3184.0,8750.5,13060.0,3602.0,7746.5,5528.0,9122.0,2444.5,8467.0,7695.5,4498.5,8719.5,8925.5,8351.0,7040.5,9096.0,7318.5,8904.5,8438.0,8042.5,7194.0,8722.5,9162.0,6943.5,8611.0,8388.0,8868.0,8918.0,6046.0,0.0,4866.5,10090.0,6257.0,6149.0,11920.5,12491.5,5425.5,7151.0,3587.0,18344.5,4015.0,16556.0,35852.5,4618.5,2193.0,21717.0,5459.0,6415.0,5691.0,7046.0,4117.5,15730.5,6110.5,8724.5,6349.0,8902.0,8691.0,8710.0,2046.0,2050.0,26145.0,13651.0,4316.0,18202.0,4013.0,6569.5,37890.0,9119.5,5228.0,9162.5,4549.5,4527.5,8342.5,9161.5,9142.5,9162.5,8738.5,4546.0,8386.0,2355.5,6779.5,20668.0,6251.0,3629.5,19547.5,5703.5,18568.5,5064.5,2769.0,5467.0,13534.0,17808.5,3596.5,5968.0,14473.0,16932.0,25284.5,24848.5
Klimt2.jpg_persistence.pkl,9286.5,12596.5,4684.0,12637.5,10991.5,5998.0,11647.0,2405.0,13002.5,4632.5,12355.5,11405.0,5175.0,12602.0,12792.0,12240.0,10966.5,12974.5,11206.5,12789.0,12332.0,11801.0,10983.0,12612.0,13040.5,10794.5,12498.5,12087.5,12738.5,12800.5,5091.0,4866.5,0.0,9777.5,10105.5,9860.0,10869.0,11359.0,9371.0,11053.0,6351.0,16935.5,5867.5,15064.5,33171.5,8598.5,5003.5,18982.5,1815.5,10421.0,4537.5,10803.0,6682.5,14048.0,5505.5,12616.5,10232.5,12784.5,12582.5,12591.0,4928.5,5964.5,23559.5,12402.5,4366.0,16842.5,7936.5,6477.5,36771.5,12999.0,4971.0,13041.0,5551.0,8201.5,12225.0,13040.0,13022.0,13041.0,12614.5,3987.5,8496.0,5889.0,7383.5,19757.5,6465.5,7189.0,17288.5,5956.5,15686.0,8949.0,6738.0,6196.5,13252.0,16037.0,4459.5,5957.0,13327.5,15852.0,24169.0,23895.0
Klimt3.jpg_persistence.pkl,2655.5,17763.0,8556.5,17804.0,4905.5,10959.5,16782.0,10436.0,18176.0,9030.5,17513.5,16747.5,8062.5,17765.5,17969.0,17404.5,16083.5,18149.0,16339.5,17958.0,17489.0,17066.5,16250.0,17774.5,18216.0,16001.5,17658.0,17456.0,17910.5,17971.5,6534.5,10090.0,9777.5,0.0,15319.0,15182.5,13773.0,3858.5,14396.0,16159.5,9587.5,10567.0,13217.0,7354.0,26198.0,14014.5,8676.5,12132.0,9083.0,15631.0,6104.5,16081.0,12247.5,7360.0,7114.0,17775.0,15387.5,17950.0,17744.0,17761.5,10166.5,11052.5,16711.5,4726.5,8149.5,10232.0,13288.0,4838.5,28292.5,18173.5,7709.5,18216.5,10242.0,13548.5,17441.0,18215.5,18196.5,18216.5,17785.0,11376.0,6160.5,10207.5,5120.5,11402.0,6599.5,12549.0,10535.5,5290.5,9148.5,14001.5,10906.5,6792.5,6694.0,8672.0,9451.0,5705.0,5737.0,7782.0,15779.5,15559.0
Klimt4.jpg_persistence.pkl,15451.5,2623.5,7310.0,2652.0,17453.5,5306.5,1833.0,9591.0,3018.0,6894.5,2378.0,1809.0,8111.0,2629.5,2832.5,2301.5,1127.0,2992.0,1442.5,2812.0,2364.0,2062.5,1368.0,2634.0,3057.0,1181.0,2520.5,2455.0,2762.0,2819.0,10089.0,6257.0,10105.5,15319.0,0.0,1254.5,12330.5,17790.0,1451.0,1099.5,7187.0,23672.0,5025.0,22122.0,41264.5,2030.5,7199.0,27146.0,10251.0,1022.0,10400.0,1423.0,4681.5,20391.0,9749.0,2628.0,1368.5,2818.5,2607.5,2611.0,5828.0,4546.5,31680.0,18648.5,8613.0,21889.0,2973.5,11138.0,43002.0,3015.5,8653.0,3057.5,6291.0,3157.5,2289.0,3056.5,3037.5,3057.5,2645.5,7519.0,12090.0,5652.0,11604.5,25958.5,10621.5,3297.5,25237.0,10805.0,24141.5,2547.5,5520.0,10847.5,18966.5,23364.5,6649.5,10684.0,19252.0,22131.5,30175.0,30093.0
Klimt5.jpg_persistence.pkl,15286.0,2832.5,7159.5,2873.5,17031.0,4926.0,1938.5,9270.5,3236.5,6647.5,2588.0,1808.0,7833.5,2842.0,3039.5,2485.5,1353.0,3211.0,1543.0,3024.0,2572.0,2211.5,1417.5,2848.5,3276.0,1332.0,2739.5,2426.5,2980.5,3037.0,10117.5,6149.0,9860.0,15182.5,1254.5,0.0,11822.5,17579.5,1966.0,1392.5,7208.5,23389.5,4581.5,21778.5,40859.5,2252.0,7157.5,26857.5,10015.0,1847.0,10150.5,1224.5,3931.5,20103.5,9338.0,2846.0,1256.5,3027.0,2833.5,2832.5,5980.0,4624.5,31332.0,18764.0,8737.5,21873.0,2817.0,11247.0,42989.0,3233.5,8457.0,3276.5,5784.5,2610.5,2595.5,3275.5,3257.0,3276.5,2861.0,7042.5,11925.0,5513.0,11461.0,25928.5,10587.5,2992.5,24870.0,10576.5,23833.0,2285.5,5674.0,10672.5,18826.0,23163.5,6807.0,10579.0,19206.5,22274.5,30128.0,30220.5
Klimt6.jpg_persistence.pkl,13285.0,12452.0,10943.5,12425.5,14267.5,11529.5,11864.0,10521.0,12443.0,11820.0,12245.5,12233.5,10284.5,12359.5,12410.5,12259.0,12394.5,12408.5,11733.5,12436.5,12524.0,11863.5,12603.5,12545.0,12463.5,12694.0,12337.5,12292.0,12322.5,12427.5,9072.0,11920.5,10869.0,13773.0,12330.5,11822.5,0.0,15846.5,13018.5,12337.5,12879.0,22157.0,12088.5,19897.5,35122.0,12752.0,12371.5,22775.5,10769.0,12840.0,10572.0,11916.5,10157.0,16747.5,9806.5,12241.0,12240.5,12449.5,12351.5,12267.5,10098.0,12070.5,26838.0,13866.0,9265.0,14243.0,10922.5,11221.0,34051.5,12452.0,8747.0,12464.0,8393.5,10434.0,12246.5,12463.0,12451.5,12464.0,12315.5,10708.0,13293.5,12942.0,13271.0,20150.0,10486.0,11701.5,22282.5,12465.0,20084.5,11803.5,13234.5,13449.5,19340.0,20497.5,8785.0,10644.0,13503.0,16424.0,22830.5,21886.5
Klimt7.jpg_persistence.pkl,3991.5,20278.5,10898.0,20334.0,5032.0,13214.0,19312.5,12251.5,20706.5,11442.5,20044.5,19118.5,10470.0,20296.0,20496.0,19939.5,18613.0,20679.5,18876.0,20489.0,20023.5,19573.5,18689.5,20306.0,20746.5,18474.0,20189.5,19886.0,20444.0,20502.0,8990.0,12491.5,11359.0,3858.5,17790.0,17579.5,15846.5,0.0,16970.0,18699.5,12115.0,9822.5,15101.0,5800.0,24044.0,16432.0,11060.5,10425.0,10758.0,18092.0,8095.0,18536.5,14418.5,6556.0,9171.0,20305.5,17881.0,20481.5,20275.5,20291.5,12514.0,13512.0,14961.0,5253.5,10702.0,10480.5,15725.0,7480.5,26736.5,20704.0,9984.5,20747.0,12488.5,15911.0,19920.5,20746.0,20727.0,20747.0,20312.0,13150.5,7926.5,12729.5,7648.5,10294.0,9003.0,14903.5,8779.0,7650.0,7528.0,16555.0,13497.5,9012.0,5654.0,6845.5,11891.0,8415.0,6271.0,7055.5,14631.0,14358.0
Klimt8.jpg_persistence.pkl,14655.0,3410.0,6496.5,3453.5,16477.5,4505.5,2618.0,8755.0,3822.0,5892.5,3176.5,2549.0,7242.5,3420.0,3645.0,3076.5,1816.5,3797.0,2246.5,3608.0,3158.5,2897.5,2068.5,3425.0,3861.0,1796.5,3315.0,3206.0,3564.5,3618.0,9196.0,5425.5,9371.0,14396.0,1451.0,1966.0,13018.5,16970.0,0.0,1912.5,6543.5,22743.5,4276.0,21152.0,40272.5,1364.0,6409.0,26234.0,9447.5,1545.0,9505.5,2276.0,4491.0,19444.0,8921.5,3436.0,1450.0,3618.0,3402.0,3418.0,5072.0,3744.5,30694.0,17877.0,8041.5,21264.5,2445.5,10338.5,42039.5,3819.0,7929.5,3861.5,6123.5,3203.5,3200.5,3860.5,3841.5,3861.5,3452.0,6775.0,11358.5,4780.0,10692.0,25026.0,9915.5,2517.5,24260.0,9947.5,23226.0,1778.0,4845.5,10039.5,18073.0,22499.5,5968.5,9727.5,18328.0,21320.0,29219.5,29234.5
Klimt9.jpg_persistence.pkl,16360.5,1645.5,8065.5,1676.0,18072.5,5851.0,1099.0,10430.5,2026.0,7566.5,1415.0,1190.5,8601.5,1674.0,1870.5,1416.5,528.0,2005.0,929.5,1828.5,1394.0,1370.5,861.0,1655.0,2064.5,774.5,1554.0,1617.0,1782.5,1838.5,10747.0,7151.0,11053.0,16159.5,1099.5,1392.5,12337.5,18699.5,1912.5,0.0,8121.5,24423.0,5778.5,22917.0,42003.0,2769.0,8130.0,28007.0,11202.0,1024.0,11245.0,1172.0,4967.0,21162.5,10294.0,1659.5,1269.0,1846.5,1644.0,1628.0,6646.0,5454.0,32440.5,19540.5,9280.0,22466.0,3426.0,11961.5,43681.0,2024.5,9344.0,2065.0,6762.5,3470.0,1497.5,2064.0,2045.5,2065.0,1671.5,8239.5,12814.5,6436.5,12405.0,26726.5,11237.5,4104.5,26034.0,11681.0,25006.0,2664.5,6467.5,11795.5,19821.5,24280.5,7444.0,11286.0,19964.0,22998.5,30856.5,30887.0
Mithila1.jpg_persistence.pkl,10525.0,9730.5,4795.5,9767.0,13389.0,4572.5,8775.0,6808.0,10133.5,3263.5,9484.0,8617.0,5164.5,9746.5,9922.5,9365.0,8100.5,10108.5,8340.5,9928.0,9465.5,9022.0,8140.0,9744.5,10173.0,7963.5,9633.5,9326.5,9874.5,9933.0,6788.5,3587.0,6351.0,9587.5,7187.0,7208.5,12879.0,12115.0,6543.5,8121.5,0.0,16803.5,5791.5,15670.0,34743.0,5879.5,2923.0,20870.5,6211.5,7526.0,6560.0,8002.5,5851.0,15941.5,7095.0,9737.0,7409.5,9922.0,9712.0,9719.0,3868.5,3601.5,24840.5,13232.5,5217.0,17787.0,5589.5,6608.5,36805.0,10132.5,6219.0,10173.5,5771.0,6139.5,9372.5,10172.5,10153.5,10173.5,9753.5,5736.5,7190.0,2831.5,5577.5,19750.0,6153.0,4888.0,18657.5,5492.0,17700.0,6101.5,2441.0,4310.5,12751.0,16919.0,4594.0,6609.5,13939.0,16066.0,24734.5,24178.0
Mithila10.jpg_persistence.pkl,10779.0,26027.0,17145.5,26076.0,10954.0,19185.0,25066.0,17391.0,26443.0,17320.0,25790.0,24955.0,16487.5,26050.0,26231.5,25686.5,24382.0,26418.5,24625.5,26234.5,25767.0,25340.0,24486.5,26050.5,26483.0,24243.0,25944.5,25699.0,26181.0,26242.5,14697.5,18344.5,16935.5,10567.0,23672.0,23389.5,22157.0,9822.5,22743.5,24423.0,16803.5,0.0,21007.0,6159.5,20912.0,22399.0,17260.0,10144.0,16215.0,24019.5,14226.5,24355.0,20411.0,8762.0,15324.0,26045.0,23670.5,26227.5,26011.0,26029.0,18588.5,19557.0,10194.0,9713.0,15939.0,12844.5,21665.5,13452.0,24471.5,26441.5,16172.5,26483.5,18715.5,21970.0,25800.5,26482.5,26463.5,26483.5,26057.0,19148.0,14423.0,18457.5,12483.0,9258.5,14925.0,20837.0,6676.0,13719.5,7829.0,22322.0,18718.5,13654.0,8081.5,6460.0,17876.5,14086.5,9997.5,8921.5,14849.0,14590.0
Mithila2.jpg_persistence.pkl,12985.0,7282.5,5425.5,7330.5,14625.5,3872.0,6330.0,5418.5,7701.0,5041.5,7049.5,6095.5,6391.0,7297.5,7491.5,6922.0,5639.0,7673.5,5907.0,7483.5,7021.5,6534.0,5673.5,7303.5,7740.5,5498.5,7190.5,6793.0,7440.5,7497.5,8390.5,4015.0,5867.5,13217.0,5025.0,4581.5,12088.5,15101.0,4276.0,5778.5,5791.5,21007.0,0.0,19122.0,37977.0,3733.5,5337.0,23733.5,6141.5,5336.0,7853.0,5473.0,3351.5,17965.5,7492.5,7304.0,4928.5,7479.0,7278.5,7290.5,3968.0,3411.5,28375.5,16583.0,7159.5,20354.0,3013.0,9411.0,41158.5,7698.5,6592.5,7741.0,4840.0,3823.0,6918.0,7740.0,7721.0,7741.0,7308.5,3188.0,10580.5,4184.0,9687.5,24001.5,9109.0,2440.0,21853.5,8501.5,20470.5,3675.0,4695.5,8055.0,16628.5,20554.5,4870.0,8953.5,17413.5,20231.0,28365.5,28168.5
Mithila3.jpg_persistence.pkl,7696.0,24510.0,15272.5,24562.5,7395.0,17424.0,23540.0,15875.0,24934.5,15490.0,24273.5,23325.0,14728.0,24524.5,24725.0,24152.5,22826.5,24907.5,23099.0,24717.5,24248.0,23775.5,22874.5,24533.0,24974.5,22682.5,24420.5,24072.5,24667.0,24730.0,12870.5,16556.0,15064.5,7354.0,22122.0,21778.5,19897.5,5800.0,21152.0,22917.0,15670.0,6159.5,19122.0,0.0,20006.0,20723.5,15257.0,7232.0,14432.5,22424.5,12151.0,22719.0,18589.5,6534.5,13322.5,24533.5,22100.5,24709.5,24501.5,24519.0,16929.0,17802.5,10570.0,6723.5,14762.0,10969.0,20094.0,11494.0,23190.0,24932.0,14253.0,24975.0,16786.5,20265.5,24253.5,24974.0,24955.0,24975.0,24541.5,17161.0,11565.5,16688.0,11057.0,6778.5,12788.0,19106.0,4637.0,11598.0,3979.5,20759.0,17237.5,11964.5,5213.0,2818.5,16185.5,12223.0,7269.5,5951.5,12718.0,12085.5
Mithila4.jpeg_persistence.pkl,26229.0,43507.5,34307.5,43557.0,24355.0,36505.0,42539.5,33712.5,43930.5,34565.0,43338.5,42457.0,33665.0,43520.5,43721.5,43145.0,41902.0,43903.5,42128.0,43712.5,43250.5,42826.0,41998.0,43529.0,43970.5,41713.5,43411.5,43081.5,43663.5,43726.0,31570.0,35852.5,33171.5,26198.0,41264.5,40859.5,35122.0,24044.0,40272.5,42003.0,34743.0,20912.0,37977.0,20006.0,0.0,39983.5,34502.0,14969.0,32464.5,41581.0,31089.5,41839.5,37690.5,21206.5,32106.5,43533.0,41169.0,43704.5,43505.0,43515.0,36056.0,37034.0,12160.5,23324.5,33503.0,22325.5,39223.5,30352.0,9215.0,43928.0,33129.5,43971.0,35820.5,39361.0,43390.5,43970.0,43951.0,43971.0,43542.0,35792.5,30156.0,35865.0,29920.0,16198.0,31768.0,38204.5,18088.0,30686.0,18320.5,39757.0,36452.5,31067.5,22990.5,19251.5,35158.0,31084.5,22902.0,20307.0,12782.5,14229.0
Mithila5.jpg_persistence.pkl,14140.5,4254.5,6370.0,4293.5,16471.0,4413.0,3384.5,8313.0,4660.5,5704.0,4014.0,3349.5,7298.0,4269.0,4491.5,3894.0,2657.5,4635.0,2983.0,4446.5,4000.0,3598.0,2859.5,4264.5,4700.5,2596.5,4160.5,3973.0,4401.0,4457.5,9103.0,4618.5,8598.5,14014.5,2030.5,2252.0,12752.0,16432.0,1364.0,2769.0,5879.5,22399.0,3733.5,20723.5,39983.5,0.0,5718.5,25791.5,8926.0,2089.0,9160.0,2775.5,4304.0,19272.5,8829.5,4267.5,2078.0,4455.5,4248.5,4253.0,4508.5,3247.5,30349.5,17338.5,7514.0,21261.5,2214.5,10040.5,41798.5,4658.5,7685.0,4701.0,5918.5,3018.5,3920.0,4700.0,4681.0,4701.0,4293.5,6374.0,11260.5,4389.0,10428.5,24661.5,9680.5,2392.0,23808.0,9537.0,22748.0,1947.0,4146.0,9426.0,17587.0,21998.5,5706.0,9446.0,18080.0,20874.5,28991.0,28802.0
Mithila6.jpg_persistence.pkl,9223.5,9719.0,2799.5,9760.5,12007.0,3997.5,8745.5,5834.0,10131.0,2027.5,9473.0,8637.5,4027.5,9722.5,9922.5,9366.0,8042.0,10104.0,8321.0,9914.0,9449.0,9017.0,8178.5,9730.5,10171.0,7919.0,9614.0,9366.0,9868.5,9928.0,5596.0,2193.0,5003.5,8676.5,7199.0,7157.5,12371.5,11060.5,6409.0,8130.0,2923.0,17260.0,5337.0,15257.0,34502.0,5718.5,0.0,20337.0,4900.5,7432.5,4988.0,8008.0,4821.5,14780.5,5788.0,9732.5,7363.5,9906.5,9702.0,9716.5,2747.5,3006.5,24831.0,12314.0,4007.0,17088.5,5256.0,5431.0,36534.5,10128.5,5231.0,10171.5,4898.5,5428.5,9348.5,10170.5,10151.5,10171.5,9737.5,4980.5,6799.5,2535.0,5570.0,19376.5,5078.0,4603.5,18328.0,4328.0,17243.5,6055.0,3060.5,4317.5,12191.0,16467.0,3848.0,5246.5,13167.5,15667.5,23869.5,23561.0
Mithila7.jpeg_persistence.pkl,12228.5,29599.0,20228.5,29653.5,10474.0,22421.5,28630.0,19414.0,30026.5,20586.0,29363.5,28395.5,19621.5,29616.0,29811.5,29238.5,27918.0,29999.5,28185.0,29809.5,29338.5,28860.0,27946.0,29625.0,30066.5,27772.5,29507.5,29188.5,29759.5,29822.0,17614.5,21717.0,18982.5,12132.0,27146.0,26857.5,22775.5,10425.0,26234.0,28007.0,20870.5,10144.0,23733.5,7232.0,14969.0,25791.5,20337.0,0.0,18248.0,27468.5,17008.0,27797.0,23568.5,7416.0,18051.5,29626.0,27187.0,29800.0,29592.0,29611.0,21937.0,22857.0,6869.5,9723.0,19495.5,10803.5,25100.5,16342.0,18885.5,30024.0,19060.0,30067.0,21725.0,25258.5,29285.0,30066.0,30047.0,30067.0,29632.5,21493.5,16616.0,21791.0,16089.0,5406.5,17969.0,24109.0,7562.5,16621.0,5048.5,25842.0,22459.5,17356.5,10376.0,6990.5,21078.0,17178.0,10150.0,7481.5,7880.0,7945.0
Mithila8.jpeg_persistence.pkl,8690.5,12782.5,4478.0,12824.0,10195.5,6107.5,11811.0,2193.5,13196.0,4465.0,12536.5,11577.5,4771.5,12791.0,12984.5,12422.0,11122.0,13169.0,11371.0,12982.0,12518.0,12031.0,11129.5,12796.0,13236.0,10963.0,12686.0,12284.5,12936.5,12993.0,4526.5,5459.0,1815.5,9083.0,10251.0,10015.0,10769.0,10758.0,9447.5,11202.0,6211.5,16215.0,6141.5,14432.5,32464.5,8926.0,4900.5,18248.0,0.0,10589.0,3916.0,10968.0,6861.0,13233.5,5012.5,12797.0,10393.0,12975.0,12763.5,12780.0,5127.5,6143.0,22849.0,11842.5,4129.5,16011.5,8223.0,5824.0,36136.5,13193.5,4761.5,13236.5,5733.5,8447.0,12416.5,13235.5,13217.0,13236.5,12806.5,3996.5,7990.5,5941.5,6794.0,19096.0,5928.0,7331.0,16648.5,5434.5,14909.0,9066.0,7041.5,5804.0,12711.5,15502.0,4576.0,5333.0,12542.5,15281.5,23434.0,23226.0
