,Dey1.jpg_persistence.pkl,Dey10.jpeg_persistence.pkl,Dey2.jpg_persistence.pkl,Dey3.jpeg_persistence.pkl,Dey4.jpg_persistence.pkl,Dey5.jpg_persistence.pkl,Dey6.jpg_persistence.pkl,Dey7.jpeg_persistence.pkl,Dey8.jpg_persistence.pkl,Dey9.jpg_persistence.pkl,Gen1.jpg_persistence.pkl,Gen10.jpg_persistence.pkl,Gen2.jpg_persistence.pkl,Gen3.jpg_persistence.pkl,Gen4.png_persistence.pkl,Gen5.jpeg_persistence.pkl,Gen6.jpg_persistence.pkl,Gen7.jpg_persistence.pkl,Gen8.jpg_persistence.pkl,Gen9.jpg_persistence.pkl,Goya1.jpg_persistence.pkl,Goya10.jpg_persistence.pkl,Goya2.jpg_persistence.pkl,Goya3.jpg_persistence.pkl,Goya4.jpg_persistence.pkl,Goya5.jpg_persistence.pkl,Goya6.jpg_persistence.pkl,Goya7.jpg_persistence.pkl,Goya8.jpg_persistence.pkl,Goya9.jpg_persistence.pkl,Klimt1.jpg_persistence.pkl,Klimt10.jpeg_persistence.pkl,Klimt2.jpg_persistence.pkl,Klimt3.jpg_persistence.pkl,Klimt4.jpg_persistence.pkl,Klimt5.jpg_persistence.pkl,Klimt6.jpg_persistence.pkl,Klimt7.jpg_persistence.pkl,Klimt8.jpg_persistence.pkl,Klimt9.jpg_persistence.pkl,Mithila1.jpg_persistence.pkl,Mithila10.jpg_persistence.pkl,Mithila2.jpg_persistence.pkl,Mithila3.jpg_persistence.pkl,Mithila4.jpeg_persistence.pkl,Mithila5.jpg_persistence.pkl,Mithila6.jpg_persistence.pkl,Mithila7.jpeg_persistence.pkl,Mithila8.jpeg_persistence.pkl,Mithila9.jpg_persistence.pkl,Raja1.jpg_persistence.pkl,Raja10.jpg_persistence.pkl,Raja2.jpg_persistence.pkl,Raja3.jpg_persistence.pkl,Raja4.jpg_persistence.pkl,Raja5.jpeg_persistence.pkl,Raja6.jpg_persistence.pkl,Raja7.jpg_persistence.pkl,Raja8.jpg_persistence.pkl,Raja9.jpg_persistence.pkl,Ren1.jpg_persistence.pkl,Ren10.jpg_persistence.pkl,Ren2.jpg_persistence.pkl,Ren3.jpg_persistence.pkl,Ren4.jpg_persistence.pkl,Ren5.jpg_persistence.pkl,Ren6.jpg_persistence.pkl,Ren7.jpg_persistence.pkl,Ren8.jpg_persistence.pkl,Ren9.jpeg_persistence.pkl,Robert1.jpg_persistence.pkl,Robert10.jpg_persistence.pkl,Robert2.jpg_persistence.pkl,Robert3.jpg_persistence.pkl,Robert4.jpg_persistence.pkl,Robert5.jpg_persistence.pkl,Robert6.jpg_persistence.pkl,Robert7.jpg_persistence.pkl,Robert8.jpg_persistence.pkl,Robert9.jpg_persistence.pkl,Sid1.jpeg_persistence.pkl,Sid10.jpg_persistence.pkl,Sid2.jpeg_persistence.pkl,Sid3.jpg_persistence.pkl,Sid4.jpg_persistence.pkl,Sid5.jpeg_persistence.pkl,Sid6.jpeg_persistence.pkl,Sid7.jpg_persistence.pkl,Sid8.jpg_persistence.pkl,Sid9.jpg_persistence.pkl,Vin1.jpg_persistence.pkl,Vin10.jpg_persistence.pkl,Vin2.jpg_persistence.pkl,Vin3.jpg_persistence.pkl,Vin4.jpg_persistence.pkl,Vin5.jpg_persistence.pkl,Vin6.jpg_persistence.pkl,Vin7.jpg_persistence.pkl,Vin8.jpeg_persistence.pkl,Vin9.jpg_persistence.pkl
Dey1.jpg_persistence.pkl,0.0,3973.0,4855.0,3083.5,6494.0,3640.5,4845.0,12329.0,5182.5,2685.0,5747.0,3951.5,4757.0,4412.5,5592.5,5212.5,6697.0,5365.0,3721.0,5509.0,4810.0,4213.0,3169.5,4622.5,4387.0,5961.5,3648.5,4964.0,4713.5,3871.5,5166.5,8503.5,8791.0,13312.0,10278.5,5770.0,7974.0,9789.0,6516.5,6100.5,19849.0,17914.5,9893.0,15985.5,12172.5,12221.0,16611.5,11687.5,15246.0,5929.5,4121.0,5913.0,3810.5,4534.0,2872.0,2816.5,4191.5,3790.5,2924.0,4621.0,6532.5,4624.5,14363.0,8990.5,4225.0,5606.0,5985.5,4290.0,12699.5,2729.0,5227.5,5015.0,4229.0,5940.0,5827.5,4827.5,5881.5,4644.0,4709.0,5930.0,4423.5,6342.5,4552.5,4582.5,7838.0,4612.5,11376.0,4724.0,8727.5,4761.0,4812.0,7500.0,5083.0,5281.0,3374.0,6601.5,7693.5,9248.0,7259.0,7024.5
Dey10.jpeg_persistence.pkl,3973.0,0.0,2978.5,2709.5,4151.5,3194.0,2911.5,13630.5,3151.0,3434.0,5120.5,2341.5,3065.5,3307.0,2351.5,3602.0,5743.0,5201.5,3297.0,4489.0,3082.0,2247.0,3569.5,2188.5,2463.5,7907.0,3299.0,5428.5,3889.0,2895.0,4956.0,9884.5,8568.0,12639.0,8159.0,5929.5,6477.0,6870.5,5038.0,5896.0,17729.5,15155.5,9872.0,15059.0,11884.0,12657.5,14351.0,12377.5,13786.5,4429.0,3233.5,5387.5,1940.0,3889.0,2726.5,2313.0,4269.5,2248.0,1849.0,3460.5,9297.5,4673.5,12615.0,10396.0,4993.0,5880.0,7486.0,4656.5,13668.0,2467.0,2700.5,2063.0,2240.5,2703.0,2836.5,1906.0,2558.0,1987.0,2556.0,5543.5,3833.0,5337.5,4529.5,5234.0,8155.0,5908.0,10335.0,3453.0,10167.0,2199.5,7431.0,8296.5,6971.5,4511.0,4619.0,5334.0,6853.0,9769.5,6157.5,7681.5
Dey2.jpg_persistence.pkl,4855.0,2978.5,0.0,3123.5,2457.0,4736.0,3954.0,12851.5,4208.0,3723.0,6130.0,3312.0,3626.0,3692.0,3237.0,4750.0,6551.0,6780.5,4527.5,4463.0,3121.5,2742.0,5071.5,3081.5,3532.5,8890.5,4598.0,6712.0,5016.5,3712.0,3557.0,8631.5,7095.5,11076.5,6756.5,6364.5,5928.5,6857.5,4853.0,4329.5,16288.0,15124.0,8201.0,12747.5,9858.0,12644.0,13777.0,11426.0,11629.0,2580.5,4003.0,5183.5,3241.0,4439.5,3607.5,3548.5,4728.5,3689.0,3156.5,3737.0,10167.0,4446.5,10531.0,9369.5,5751.0,4475.0,6528.5,4013.0,12283.5,2838.0,1461.0,2856.5,2036.0,2937.5,3811.0,2395.0,3105.0,2029.0,3094.5,5893.0,4439.5,4577.5,3737.5,4652.0,7007.0,7260.5,9251.5,5239.0,9630.5,3469.5,7824.0,7168.0,6542.0,3609.0,4869.5,4986.5,4665.0,8151.0,4141.5,6728.0
Dey3.jpeg_persistence.pkl,3083.5,2709.5,3123.5,0.0,4460.0,3630.0,3149.5,12503.0,3792.5,2794.0,4794.0,2563.0,2864.5,2787.5,3644.5,4100.5,5268.0,5462.5,3050.0,3968.0,2756.5,2309.5,3283.0,2776.0,2846.5,6922.5,3356.5,5196.5,3903.0,2613.0,4113.5,8782.5,7910.5,11765.5,8079.0,5469.5,6224.0,7338.0,4795.0,4941.0,17660.0,15458.0,9003.5,14297.5,10894.0,11939.0,14353.5,11656.5,13254.0,4231.0,2804.0,4597.5,2235.0,3353.5,2132.0,2520.5,3298.5,3044.5,2548.5,3216.5,8203.5,3990.5,12296.5,9244.5,4485.0,4837.0,6617.5,4149.0,12534.5,2280.0,3272.5,3133.0,2723.0,3730.0,3886.5,2782.0,3621.5,2768.5,3141.5,5269.0,3599.0,4809.0,3928.0,4855.5,7223.5,5494.0,9935.0,4062.0,9510.5,3272.0,6457.5,7395.0,6079.0,4136.0,3684.0,5303.0,6171.0,8607.0,5695.5,6740.0
Dey4.jpg_persistence.pkl,6494.0,4151.5,2457.0,4460.0,0.0,6054.5,4734.0,12639.5,5010.0,5229.0,7024.0,4538.0,4646.5,4510.5,3918.5,5684.0,7345.5,8025.5,5583.5,4890.0,3629.5,3797.5,6442.0,3993.5,4582.5,10209.0,5920.5,8015.5,6225.0,4796.5,4482.0,8578.5,7005.0,10369.5,5333.5,6281.0,4890.5,6402.0,4708.0,4685.0,14828.0,14130.0,8287.0,12202.0,10033.0,12132.0,12669.5,10783.5,10917.5,3175.0,4801.5,5723.5,4146.5,5039.0,5134.5,5215.0,5184.0,4574.0,4922.0,4031.5,11231.0,4883.5,9356.0,9564.0,6488.5,4590.5,7243.5,5280.5,12424.5,4638.0,2696.5,3715.5,3580.5,2603.0,4494.0,3079.0,3305.0,3158.0,3789.5,6130.5,4956.0,3678.5,3979.0,5279.0,7289.0,7798.0,8558.0,5692.5,10533.5,4527.5,8841.5,6984.5,6888.5,3793.0,6233.0,4743.0,3989.5,9236.5,4702.0,7927.5
Dey5.jpg_persistence.pkl,3640.5,3194.0,4736.0,3630.0,6054.5,0.0,4129.0,13238.0,4173.0,3725.0,5400.5,2868.5,3657.5,3318.0,4277.5,4169.0,5658.5,4303.5,2644.0,4777.5,4057.5,3719.0,2679.5,3611.5,3351.0,6517.5,2619.0,4511.5,3728.5,2950.0,6466.5,9449.0,9611.0,13037.5,9488.0,5923.5,6835.5,8466.5,5551.5,6680.5,18629.0,16336.0,10525.0,15961.5,13074.0,11996.5,15229.5,12156.0,14785.0,5443.0,3504.5,5524.0,2950.0,4298.5,2846.5,2537.0,4314.5,2846.0,2896.0,3912.5,7927.5,5008.5,13963.0,10285.5,4581.5,6758.5,7340.5,5360.0,14064.0,3560.0,4773.5,4066.5,3969.5,4744.5,4634.0,3875.0,4613.5,3934.5,3755.5,5525.0,3929.5,5671.0,4819.5,5837.5,8660.0,4794.5,11054.5,3684.0,10134.5,3475.5,6203.0,7999.5,6460.5,5552.0,5020.5,6963.5,8352.5,10608.5,7998.0,8639.5
Dey6.jpg_persistence.pkl,4845.0,2911.5,3954.0,3149.5,4734.0,4129.0,0.0,14000.0,1748.5,5174.0,3114.5,2078.5,2661.0,2845.0,2287.0,2057.5,4674.0,4272.0,3029.0,3945.5,2996.0,3047.5,4590.5,2074.0,1404.5,7482.0,3162.5,4471.5,2569.0,2163.5,6430.0,10538.0,10196.5,12822.5,9075.5,7247.5,6835.0,7438.0,5316.5,6887.0,18205.5,15473.0,11154.5,15853.5,13078.0,12623.0,14688.0,13667.5,14581.5,4689.5,3698.0,5899.0,2131.0,4679.0,3242.5,3343.0,4701.5,3336.5,3442.5,3912.0,9989.5,5958.5,13518.0,11226.5,5307.5,7170.0,8810.5,6234.0,14873.5,4083.0,3507.0,2211.5,2961.0,3193.0,2614.5,2186.5,2809.0,2688.0,3286.0,6955.0,5172.0,5955.5,5838.5,7341.5,9442.5,7164.5,11705.0,4099.5,11939.5,2581.0,8516.5,9386.0,8151.0,5994.5,5356.0,7352.5,7982.0,11103.0,7326.5,9242.5
Dey7.jpeg_persistence.pkl,12329.0,13630.5,12851.5,12503.0,12639.5,13238.0,14000.0,0.0,14551.0,12151.0,14132.0,12964.5,12604.5,11887.0,14816.5,13446.5,12990.0,12430.0,12103.0,11535.0,11959.5,12742.5,11395.0,13284.5,13784.0,9597.5,12504.5,12038.0,12878.5,12673.0,12643.0,7042.5,11367.0,10425.0,13363.5,9181.5,11660.5,15451.0,12033.0,10253.0,18211.0,21360.5,9920.0,14948.5,14376.5,11325.5,16738.0,8082.5,14275.5,12876.0,11909.0,9822.5,13123.5,11367.0,11796.0,12748.5,10446.0,13436.5,13080.0,11859.5,10626.0,10420.0,16190.5,8531.5,10726.5,10475.0,8790.5,11753.5,12772.5,12787.5,13401.5,14215.0,14003.0,13189.0,15023.0,13657.0,13975.5,13225.5,12187.5,10988.0,11490.5,10931.0,10367.0,11070.5,10050.0,11315.0,12584.5,12719.5,10417.5,14236.0,10432.0,8348.0,9164.5,10770.0,10713.5,11503.0,11888.5,13589.5,12791.0,13444.5
Dey8.jpg_persistence.pkl,5182.5,3151.0,4208.0,3792.5,5010.0,4173.0,1748.5,14551.0,0.0,5268.0,3616.5,2208.5,2753.5,3234.0,2296.5,1715.0,4724.5,4207.0,3451.5,4190.0,3644.5,3549.5,4997.5,2343.0,1571.0,7666.5,3108.0,4837.5,2611.0,2563.0,6792.5,11258.5,10564.5,13272.5,9525.5,7852.5,7589.5,7975.0,5837.0,7470.5,18794.0,15958.5,11834.5,16512.5,13607.0,13288.5,15296.5,14355.5,15182.0,5156.0,4119.0,6505.5,2445.0,5303.0,3743.0,3471.0,5353.0,3397.5,3545.0,4383.5,10703.5,6535.0,13996.5,11899.0,5670.0,7720.0,9410.0,6622.5,15579.5,4256.5,3803.0,2200.0,3104.0,3465.0,2796.5,2397.5,3142.5,2973.5,3427.5,7389.0,5469.0,6325.5,6333.0,7707.5,10095.0,7759.5,12300.0,4578.0,12500.0,2663.0,9086.0,10047.0,8553.0,6455.0,5763.0,7729.0,8408.0,11540.5,7719.0,9776.5
Dey9.jpg_persistence.pkl,2685.0,3434.0,3723.0,2794.0,5229.0,3725.0,5174.0,12151.0,5268.0,0.0,6716.5,3987.5,4542.5,4017.5,5092.5,5613.5,6920.0,6388.5,4120.5,5182.0,4244.5,3750.5,3545.5,4252.0,4484.0,7007.0,4163.5,6211.0,5370.0,4077.0,3807.0,8080.5,6843.5,12062.0,8779.5,5533.5,7050.0,8645.5,5556.5,4438.5,18133.0,16655.5,8137.0,13958.0,10214.5,12237.0,15199.5,10905.0,13358.0,4386.0,3758.0,5067.5,3727.0,4295.5,2976.5,3145.5,4019.5,3365.0,2789.0,4289.5,7332.5,3903.0,12606.0,8270.0,4934.5,4265.5,5314.5,3229.5,11662.0,2135.0,4083.0,4508.5,3499.0,5095.0,5485.5,4177.5,5152.5,3869.0,4191.0,5360.5,3913.5,5331.0,4020.0,3480.0,6478.0,5386.0,9960.0,4865.5,8044.5,4571.5,5133.5,6816.5,4921.0,4493.0,3407.5,5268.0,5779.5,7673.0,5417.0,5735.5
Gen1.jpg_persistence.pkl,5747.0,5120.5,6130.0,4794.0,7024.0,5400.5,3114.5,14132.0,3616.5,6716.5,0.0,3624.5,3806.5,4101.0,4836.5,3289.5,4434.5,3943.0,3790.5,4468.5,4618.5,4931.0,5576.5,3920.5,3497.5,6668.5,4057.5,4156.0,3221.0,3426.0,8327.5,11445.0,11909.0,13614.0,10986.5,8318.0,8154.0,9456.0,6725.0,8527.5,19936.0,17363.5,12748.0,17562.0,14917.5,12942.5,16436.0,14841.5,16331.5,6771.5,4931.5,7000.5,3828.5,5925.0,4628.5,4964.0,5787.0,4886.5,5342.0,5204.0,9933.5,7397.5,15407.0,12166.5,5432.5,8867.0,10029.0,7796.0,16339.0,5949.0,5799.0,4542.5,5292.5,5435.0,5095.0,4532.5,5173.0,4925.5,4731.0,8218.0,6504.5,7385.0,7179.5,8977.5,10849.5,7492.0,13278.5,5216.5,13296.5,4549.0,9166.0,10483.5,9218.5,7649.5,5985.0,9175.0,9933.5,12897.5,9391.0,11033.5
Gen10.jpg_persistence.pkl,3951.5,2341.5,3312.0,2563.0,4538.0,2868.5,2078.5,12964.5,2208.5,3987.5,3624.5,0.0,1921.0,2170.0,2564.0,2182.5,4167.0,3807.5,2322.5,3264.5,2433.0,2304.0,3428.0,1753.0,1528.0,6963.5,2057.5,4084.0,2141.0,1586.5,5458.0,9504.0,9014.5,11927.0,8432.5,6063.5,6027.0,7140.0,4427.5,5860.5,17831.5,15372.0,10080.0,15140.5,12248.5,11894.0,14457.5,12458.5,13944.0,4244.5,2800.0,4736.5,1661.5,3648.5,2297.0,2210.0,3855.5,2700.0,2363.5,2926.0,9358.5,4718.5,12884.0,10100.5,4604.0,6049.5,7538.5,4937.0,13705.0,2912.0,3187.5,2234.0,2534.5,3099.5,2856.0,2216.5,2972.0,2396.0,2486.5,5660.5,3943.0,4908.0,4636.5,6101.0,8256.5,6236.0,10573.0,3262.0,10634.0,2097.0,7584.5,8176.5,7106.5,4867.5,4365.5,6391.0,7300.0,9998.5,6720.5,8122.5
Gen2.jpg_persistence.pkl,4757.0,3065.5,3626.0,2864.5,4646.5,3657.5,2661.0,12604.5,2753.5,4542.5,3806.5,1921.0,0.0,2259.0,3088.5,2847.0,3576.5,4240.0,2713.5,2835.0,2537.5,2639.5,3994.5,2076.0,2378.5,6661.0,2839.0,4644.0,2768.5,2198.0,5598.5,9580.5,9014.0,11153.5,8117.5,6032.0,5813.5,6946.0,4169.5,5964.5,17319.5,14947.5,10031.0,14657.5,11897.0,11963.5,13974.0,12621.0,13515.0,4462.0,2921.5,4628.5,2230.0,3776.0,2864.0,3379.5,3881.5,3361.5,3493.0,3373.0,9441.5,4911.0,12504.5,10101.0,4764.5,6107.0,7858.0,5356.5,13656.0,3553.0,3557.0,2598.5,3035.0,3526.0,3310.5,2790.0,3283.0,2949.5,2767.5,5689.5,4230.5,5057.0,4916.5,6264.0,8256.0,6432.0,10462.5,3847.5,10749.0,2997.5,7853.0,8390.0,7461.5,5194.5,4339.0,6482.5,7033.5,9935.5,6578.5,8125.0
Gen3.jpg_persistence.pkl,4412.5,3307.0,3692.0,2787.5,4510.5,3318.0,2845.0,11887.0,3234.0,4017.5,4101.0,2170.0,2259.0,0.0,3730.0,3092.5,3769.5,4249.0,2367.0,2456.5,2258.5,2689.5,3254.0,2595.5,2673.5,6270.5,2741.5,4384.5,2679.0,1822.5,5366.5,8431.0,8555.0,10814.0,7919.5,5328.0,5090.0,6981.5,3728.5,5251.0,16670.0,14582.0,9210.5,14162.5,11607.0,10753.5,13345.0,11576.5,12962.5,4197.0,2485.0,3858.0,2325.0,3309.5,2388.0,3349.5,3021.0,3022.5,3560.5,2641.5,8340.5,4196.5,12315.0,9109.5,4190.0,5626.0,6775.0,4836.0,12944.0,3586.0,3588.0,3257.0,3591.5,3564.5,3920.5,2901.5,3575.0,2983.5,2660.5,5066.5,3591.5,4359.0,4316.0,5581.0,7531.0,5442.0,9818.0,3444.0,9940.0,3374.0,6734.0,7312.0,6434.5,4780.0,4082.5,6188.0,6891.0,9576.0,6547.0,7758.0
Gen4.png_persistence.pkl,5592.5,2351.5,3237.0,3644.5,3918.5,4277.5,2287.0,14816.5,2296.5,5092.5,4836.5,2564.0,3088.5,3730.0,0.0,3086.0,5713.5,5817.5,4000.5,4763.5,3616.5,2646.0,5264.0,2045.0,2103.5,9094.5,4043.5,6196.5,4071.0,3220.5,5849.5,11328.5,9193.5,12817.5,8063.5,7465.5,6495.0,5929.0,4626.5,6698.5,16896.5,13819.0,10739.5,15000.5,11975.0,12975.0,13356.0,13699.5,13668.5,4363.5,3948.5,5912.0,2475.5,4654.0,4065.0,3497.0,5491.5,3509.0,3353.5,3744.5,11206.5,5510.0,12425.0,11516.0,6558.0,6868.5,9058.0,5853.5,14825.0,3784.0,2846.0,1566.0,2273.0,2390.5,1644.0,1748.0,1697.5,2443.5,3564.5,6234.5,4804.5,6130.0,5725.5,6953.5,8990.5,7700.5,10914.0,4275.0,11782.0,1827.5,9348.5,9651.0,8719.0,5908.0,6185.0,6561.5,7168.5,10593.0,6413.5,8822.5
Gen5.jpeg_persistence.pkl,5212.5,3602.0,4750.0,4100.5,5684.0,4169.0,2057.5,13446.5,1715.0,5613.5,3289.5,2182.5,2847.0,3092.5,3086.0,0.0,4115.5,3230.0,3321.0,3796.5,3575.5,3808.0,4589.0,2620.5,1782.5,6822.5,2873.5,3938.0,1961.5,2408.5,7144.5,10381.5,10710.0,12666.5,9932.0,7294.5,7114.5,8354.5,5653.5,7399.0,19017.0,16366.0,11668.5,16624.5,13856.5,12695.0,15501.5,13676.5,15391.5,5395.0,4068.5,6017.0,2858.5,5036.5,3420.5,3454.5,4889.5,3885.5,3720.5,4212.0,9896.5,6228.5,14370.5,11102.0,4757.0,7732.5,8873.0,6547.5,15259.5,4506.0,4349.5,2857.5,3674.0,4073.0,3403.5,3097.5,3781.0,3510.5,3562.5,7174.0,5517.0,6364.5,6071.5,7765.0,9777.0,7394.5,12210.0,4326.5,12145.5,2952.0,8542.5,9494.5,8457.0,6495.0,4920.0,8122.0,8876.5,11694.5,8214.5,9848.5
Gen6.jpg_persistence.pkl,6697.0,5743.0,6551.0,5268.0,7345.5,5658.5,4674.0,12990.0,4724.5,6920.0,4434.5,4167.0,3576.5,3769.5,5713.5,4115.5,0.0,4200.0,4108.5,3551.5,4553.5,5120.5,5422.0,4674.5,4738.0,6690.5,4033.0,5064.0,3543.5,3848.5,8096.5,10544.0,10994.0,12250.5,10259.5,7111.0,7074.0,9112.0,5808.0,7788.0,18977.0,16730.5,11763.0,16591.0,13967.5,12365.0,15520.5,13695.0,15558.5,7005.0,4579.5,5787.5,4610.5,5220.5,4664.5,5662.5,5101.0,5709.5,6063.5,4964.0,9973.5,6543.5,14712.0,10968.0,5348.5,8238.0,9212.0,7399.0,15208.0,6281.0,6401.0,5422.5,6034.0,5854.5,5978.0,5412.0,5698.0,5693.5,5038.5,7222.0,5850.5,6947.0,6677.5,8334.5,9727.5,7305.0,12232.0,5232.0,12240.0,5423.0,8712.5,9531.0,8863.0,7314.5,5674.0,8626.0,9455.5,12286.0,9216.5,10516.0
Gen7.jpg_persistence.pkl,5365.0,5201.5,6780.5,5462.5,8025.5,4303.5,4272.0,12430.0,4207.0,6388.5,3943.0,3807.5,4240.0,4249.0,5817.5,3230.0,4200.0,0.0,3391.0,4813.0,5178.5,5578.0,4046.5,4744.0,4094.0,4794.5,2952.0,2570.5,2548.0,3654.5,8844.5,9834.0,11903.0,13154.0,11614.5,7304.5,8201.5,10434.0,6975.5,8627.5,20384.0,18216.5,12236.5,17815.5,15246.5,12180.0,16960.5,13363.0,16738.5,7462.5,4973.0,6474.0,4422.5,5854.0,4295.0,4367.0,5367.0,5038.5,4953.5,5471.0,8233.0,6976.0,16121.5,10738.5,3790.0,9009.5,8875.5,7579.5,15809.0,5891.5,6606.0,5270.5,5940.5,6430.0,6021.5,5481.0,6236.0,5598.5,4879.0,7510.5,6168.5,7435.0,6810.5,8366.5,10393.0,6519.0,13085.5,4860.0,12167.0,5104.5,7503.0,9257.5,8392.5,7705.0,5256.0,9433.5,10593.5,12859.5,10173.0,11072.0
Gen8.jpg_persistence.pkl,3721.0,3297.0,4527.5,3050.0,5583.5,2644.0,3029.0,12103.0,3451.5,4120.5,3790.5,2322.5,2713.5,2367.0,4000.5,3321.0,4108.5,3391.0,0.0,3475.0,3166.5,3296.5,2771.5,2882.5,2742.0,5803.5,2191.5,3681.0,2721.0,2038.0,6332.5,8685.0,9279.0,11850.0,8986.5,5567.5,5908.5,7875.0,4707.5,6296.0,17857.5,15546.0,10107.0,15371.0,12645.0,10646.5,14459.5,11871.0,14161.0,5241.5,2691.0,4508.0,2231.5,3496.0,2460.0,2836.5,3283.0,2914.0,3313.5,3175.0,7987.5,4732.0,13443.0,9401.5,4139.0,6478.0,7192.0,5266.5,13596.5,3789.0,4390.0,3621.0,3971.5,4233.5,4202.0,3392.5,4162.0,3469.0,3020.5,5249.5,3682.0,4995.0,4486.0,6000.0,8212.0,4962.5,10616.0,3138.0,10168.5,3370.5,6550.0,7565.5,6362.0,5313.5,4331.0,6813.5,7952.5,10329.0,7597.0,8576.5
Gen9.jpg_persistence.pkl,5509.0,4489.0,4463.0,3968.0,4890.0,4777.5,3945.5,11535.0,4190.0,5182.0,4468.5,3264.5,2835.0,2456.5,4763.5,3796.5,3551.5,4813.0,3475.0,0.0,2915.0,3567.5,4458.5,3454.0,3771.5,6822.0,3554.0,5199.5,3572.5,2897.0,5930.0,8699.5,8903.0,10711.5,8222.5,5461.0,5243.5,7412.0,3894.5,5566.0,17008.0,15187.0,9566.5,14475.0,11907.5,10983.0,13814.0,11804.5,13285.0,4780.0,3301.0,4107.0,3453.0,3765.0,3450.0,4589.0,3411.5,4252.0,4734.5,3235.5,8883.5,4589.5,12576.0,9205.5,4523.0,6019.5,7246.0,5466.0,13189.0,4834.5,4241.5,4261.0,4636.5,4168.5,4980.0,3919.5,4369.0,3825.5,3512.0,5456.5,4192.5,4748.5,4501.5,6132.0,7745.0,5982.5,10173.0,4184.0,10264.0,4501.0,7249.5,7584.0,6762.0,5200.0,4441.0,6559.0,7164.5,10209.5,6887.5,8431.0
Goya1.jpg_persistence.pkl,4810.0,3082.0,3121.5,2756.5,3629.5,4057.5,2996.0,11959.5,3644.5,4244.5,4618.5,2433.0,2537.5,2258.5,3616.5,3575.5,4553.5,5178.5,3166.5,2915.0,0.0,2274.5,4118.5,2483.5,2827.0,7524.0,3378.5,5207.5,3578.5,2445.5,4601.5,8327.5,7773.5,10563.0,7079.5,5153.0,4952.0,6217.0,3592.0,4629.0,16448.0,14417.0,8725.0,13582.0,10772.5,11134.0,13288.0,11260.5,12470.0,3956.0,2573.5,3962.5,2416.5,3134.0,2838.5,3553.5,3242.0,3218.5,3385.0,2371.0,9099.5,3964.0,11480.0,8919.0,4214.0,4865.5,6704.5,4510.5,12420.0,3607.0,2963.5,2988.5,3289.5,2690.5,3833.5,2542.0,3000.0,2409.0,2309.0,4846.5,3470.0,3884.0,3646.0,5067.0,6983.0,5857.0,9362.0,3361.0,9869.0,3358.5,7160.5,7042.5,6183.5,3859.5,4220.5,5153.5,5879.0,9226.0,5614.5,7473.5
Goya10.jpg_persistence.pkl,4213.0,2247.0,2742.0,2309.5,3797.5,3719.0,3047.5,12742.5,3549.5,3750.5,4931.0,2304.0,2639.5,2689.5,2646.0,3808.0,5120.5,5578.0,3296.5,3567.5,2274.5,0.0,3825.5,2146.0,2649.0,7857.0,3480.0,5546.5,3911.0,2587.5,4440.5,9141.0,7678.5,11301.5,7308.5,5513.0,5334.5,6128.5,3844.0,4957.5,16638.0,14402.0,8977.0,13959.5,10828.5,11506.0,13374.5,11712.0,12774.5,4042.0,2747.5,4314.5,2045.5,3008.5,2577.5,2704.0,3495.5,2919.0,2580.0,2506.5,9249.0,3678.0,11634.0,9336.0,4673.5,4965.5,6980.5,4167.0,12744.5,2772.5,2668.5,2337.5,2588.5,2614.0,3282.0,2122.5,2512.5,2108.5,2542.5,4821.5,3437.0,4638.5,3796.5,5113.5,7079.0,5688.5,9468.0,3302.5,9754.0,2506.0,7326.0,7590.5,6535.5,4012.0,4245.0,5048.5,6010.0,9171.5,5352.0,7347.5
Goya2.jpg_persistence.pkl,3169.5,3569.5,5071.5,3283.0,6442.0,2679.5,4590.5,11395.0,4997.5,3545.5,5576.5,3428.0,3994.5,3254.0,5264.0,4589.0,5422.0,4046.5,2771.5,4458.5,4118.5,3825.5,0.0,4158.0,4033.0,5075.5,2793.5,3818.5,3832.0,3215.0,6239.0,7677.0,9098.0,12180.5,9566.0,4617.0,6628.5,8895.0,5422.5,6125.0,18631.0,16716.5,9570.0,15528.0,12538.0,10811.5,15326.5,10600.5,14493.5,5723.5,3348.5,4644.5,3410.0,3824.5,2362.0,2704.0,3381.5,3313.5,3177.0,3961.0,6439.5,4236.0,13901.0,8473.0,3463.5,6214.0,5869.5,4876.5,12871.5,3651.0,5177.0,4712.5,4701.5,5359.0,5466.5,4480.0,5305.0,4339.0,3993.0,5046.5,3785.5,5622.5,4249.0,5291.5,7628.5,4003.0,10593.0,3795.0,8973.5,4411.5,4819.0,6591.0,5380.5,5267.5,3887.5,6687.5,8154.0,9922.0,7965.0,8097.0
Goya3.jpg_persistence.pkl,4622.5,2188.5,3081.5,2776.0,3993.5,3611.5,2074.0,13284.5,2343.0,4252.0,3920.5,1753.0,2076.0,2595.5,2045.0,2620.5,4674.5,4744.0,2882.5,3454.0,2483.5,2146.0,4158.0,0.0,1655.0,7685.0,2967.5,4993.5,3140.0,2116.5,5356.5,9924.5,8850.0,11915.5,8046.0,6255.0,5972.5,6440.5,4350.5,5910.5,17178.5,14608.0,10087.5,14701.5,11873.5,12149.0,13743.5,12769.0,13541.0,3930.0,2966.0,4883.5,1770.5,3862.0,2850.5,2937.5,4181.0,2759.5,2796.5,3000.5,9848.0,4861.5,12421.0,10324.5,5071.0,6144.5,7927.5,5131.0,13910.0,3138.0,2693.5,1832.5,2347.0,2559.5,2386.0,1683.5,2251.5,2047.5,2448.0,5688.0,4115.0,5105.5,4839.0,6148.0,8358.5,6642.0,10501.0,3525.0,10925.0,2112.0,8071.5,8593.5,7501.0,4950.5,4741.0,6236.5,6914.0,10049.0,6248.0,8228.0
Goya4.jpg_persistence.pkl,4387.0,2463.5,3532.5,2846.5,4582.5,3351.0,1404.5,13784.0,1571.0,4484.0,3497.5,1528.0,2378.5,2673.5,2103.5,1782.5,4738.0,4094.0,2742.0,3771.5,2827.0,2649.0,4033.0,1655.0,0.0,7416.0,2609.0,4472.5,2504.5,1859.0,5947.0,10266.0,9723.5,12466.5,8733.0,6814.0,6530.0,7236.5,4964.0,6440.5,18031.5,15379.5,10738.5,15600.5,12712.0,12431.0,14553.0,13258.0,14339.5,4317.0,3340.0,5593.5,1821.0,4356.5,2834.5,2620.5,4451.5,2890.5,2742.5,3464.5,9882.0,5505.5,13194.0,10861.0,5153.0,6728.5,8359.5,5700.0,14460.5,3411.5,3150.0,1822.5,2476.5,2942.0,2476.5,1944.5,2670.0,2360.0,2908.5,6413.0,4667.5,5534.5,5367.5,6810.0,8999.0,6808.0,11316.0,3731.5,11432.5,2028.5,8191.5,8985.5,7759.0,5539.5,5021.5,6964.5,7639.0,10588.5,7000.0,8771.0
Goya5.jpg_persistence.pkl,5961.5,7907.0,8890.5,6922.5,10209.0,6517.5,7482.0,9597.5,7666.5,7007.0,6668.5,6963.5,6661.0,6270.5,9094.5,6822.5,6690.5,4794.5,5803.5,6822.0,7524.0,7857.0,5075.5,7685.0,7416.0,0.0,5771.5,4191.5,5890.5,6389.0,10017.5,8095.5,12061.0,12305.0,12833.5,7231.0,9464.5,12630.0,8550.0,9445.0,20133.0,19280.5,11363.5,17255.5,15141.0,11200.5,17100.0,11113.0,16561.0,9141.5,6681.0,6664.0,7136.5,7280.5,6067.5,6646.0,6361.5,7142.0,7178.0,7680.5,6021.5,7481.5,16964.5,9460.0,5003.0,9547.5,7942.5,8378.0,14641.0,7451.0,9122.5,8325.0,8440.0,9412.5,9157.5,8468.0,9276.5,8330.5,7551.0,8035.0,7268.0,8926.5,7913.0,8780.0,10043.5,6071.5,13100.5,7536.0,10924.0,8354.5,6274.5,8338.5,7938.0,9127.0,6068.0,10511.5,11688.5,12779.0,11561.0,11228.5
Goya6.jpg_persistence.pkl,3648.5,3299.0,4598.0,3356.5,5920.5,2619.0,3162.5,12504.5,3108.0,4163.5,4057.5,2057.5,2839.0,2741.5,4043.5,2873.5,4033.0,2952.0,2191.5,3554.0,3378.5,3480.0,2793.5,2967.5,2609.0,5771.5,0.0,3347.0,2287.5,2024.0,6520.5,9143.5,9619.0,12309.5,9452.5,5874.5,6668.0,8458.0,5164.0,6422.0,18718.0,16485.5,10447.0,15949.0,13039.0,11481.0,15364.0,12203.0,14822.0,5247.5,3098.0,5000.0,2573.5,4096.0,2414.5,2419.5,3816.0,3154.5,3011.0,3464.5,8435.5,4881.0,13949.5,9800.5,3993.0,6732.5,7362.0,5371.0,14039.0,3609.5,4602.5,3603.5,3868.0,4526.0,4269.5,3561.5,4391.5,3656.0,3281.5,5713.0,4028.5,5387.0,4697.0,6273.5,8510.5,5654.0,11200.0,3396.0,10528.0,3334.0,6737.0,7877.5,6632.0,5543.5,4328.0,7199.0,8310.0,10639.0,7944.0,8840.5
Goya7.jpg_persistence.pkl,4964.0,5428.5,6712.0,5196.5,8015.5,4511.5,4471.5,12038.0,4837.5,6211.0,4156.0,4084.0,4644.0,4384.5,6196.5,3938.0,5064.0,2570.5,3681.0,5199.5,5207.5,5546.5,3818.5,4993.5,4472.5,4191.5,3347.0,0.0,3149.5,3651.5,8641.0,9616.5,11666.5,13332.5,11537.0,7248.0,8478.0,10539.0,7004.5,8401.5,20623.0,18540.5,12045.0,17769.0,15011.0,11869.5,17251.5,12596.0,16710.5,7365.0,5004.0,6620.5,4523.0,5920.0,4108.0,4309.0,5394.0,5026.5,5047.5,5413.0,7165.5,6766.5,15991.5,10435.5,3775.0,8777.0,8398.0,7363.5,15591.5,5762.0,6691.5,5567.5,5976.5,6663.0,6355.0,5641.0,6518.0,5721.5,5120.0,7552.0,6024.0,7359.0,6631.5,8334.0,10214.5,6284.0,13100.0,5192.5,11954.0,5482.0,6938.5,8955.0,8164.0,7571.0,5223.5,9278.0,10412.0,12595.0,10046.5,10855.5
Goya8.jpg_persistence.pkl,4713.5,3889.0,5016.5,3903.0,6225.0,3728.5,2569.0,12878.5,2611.0,5370.0,3221.0,2141.0,2768.5,2679.0,4071.0,1961.5,3543.5,2548.0,2721.0,3572.5,3578.5,3911.0,3832.0,3140.0,2504.5,5890.5,2287.5,3149.5,0.0,2099.0,7163.0,9629.5,10495.0,12336.5,9939.0,6683.0,6894.0,8670.0,5349.5,7058.5,18967.0,16645.0,11039.5,16354.5,13663.0,12002.5,15558.0,12958.0,15177.0,5687.0,3829.5,5451.0,2926.0,4660.5,2972.0,3238.5,4319.5,4025.5,3722.0,3942.5,9085.0,5829.5,14377.5,10360.5,4237.0,7472.0,8158.5,6240.5,14681.5,4428.5,4856.0,3560.0,4141.5,4716.5,4286.5,3752.0,4531.0,3960.0,3557.5,6713.5,5145.0,6099.5,5729.5,7434.0,9165.0,6671.0,11824.5,3964.0,11570.0,3415.0,7701.5,8785.5,7877.5,6320.5,4793.0,8010.5,8904.5,11388.5,8458.0,9590.5
Goya9.jpg_persistence.pkl,3871.5,2895.0,3712.0,2613.0,4796.5,2950.0,2163.5,12673.0,2563.0,4077.0,3426.0,1586.5,2198.0,1822.5,3220.5,2408.5,3848.5,3654.5,2038.0,2897.0,2445.5,2587.5,3215.0,2116.5,1859.0,6389.0,2024.0,3651.5,2099.0,0.0,5769.5,9186.5,9203.0,11669.0,8529.5,5933.0,5840.0,7344.5,4238.0,5830.0,17659.0,15328.0,9962.5,15073.0,12303.0,11338.0,14286.0,12241.5,13893.0,4307.5,2734.5,4645.0,1862.5,3651.5,2126.0,2666.0,3498.0,2832.0,2943.5,2709.0,8748.5,4725.0,12957.0,9878.5,4271.5,6180.5,7372.5,5100.5,13652.5,3336.5,3567.0,2693.5,3109.5,3536.0,3444.5,2586.0,3421.0,2807.0,2706.5,5665.0,3985.0,4851.5,4605.5,6180.5,8161.5,5871.5,10663.5,3250.5,10584.0,2705.0,7162.0,7965.0,6850.0,5178.0,4312.5,6617.0,7456.0,10139.5,7005.0,8298.5
Klimt1.jpg_persistence.pkl,5166.5,4956.0,3557.0,4113.5,4482.0,6466.5,6430.0,12643.0,6792.5,3807.0,8327.5,5458.0,5598.5,5366.5,5849.5,7144.5,8096.5,8844.5,6332.5,5930.0,4601.5,4440.5,6239.0,5356.5,5947.0,10017.5,6520.5,8641.0,7163.0,5769.5,0.0,8633.5,6373.5,11673.5,8208.0,6395.0,7134.0,8430.5,5810.5,3752.5,17530.5,16436.0,7404.0,13080.0,8470.0,13213.0,14895.0,11369.5,12705.5,4643.0,5294.5,5670.5,5241.0,5335.0,5022.5,4999.5,5208.5,5669.5,4576.5,5215.5,9987.0,4500.5,11862.5,8156.0,6699.5,3742.0,5412.5,3186.5,10619.0,3455.0,3876.5,5321.0,4059.5,5202.5,6282.0,4905.0,5347.0,4444.5,5109.0,6235.5,5181.0,5717.0,4428.5,3565.5,6032.5,7471.0,9787.0,6632.0,7499.0,5634.0,6934.0,7262.0,5936.0,4275.0,4813.5,5443.0,4570.0,5657.5,3802.5,4064.0
Klimt10.jpeg_persistence.pkl,8503.5,9884.5,8631.5,8782.5,8578.5,9449.0,10538.0,7042.5,11258.5,8080.5,11445.0,9504.0,9580.5,8431.0,11328.5,10381.5,10544.0,9834.0,8685.0,8699.5,8327.5,9141.0,7677.0,9924.5,10266.0,8095.5,9143.5,9616.5,9629.5,9186.5,8633.5,0.0,6666.5,8080.0,9043.5,5664.0,8294.5,11954.5,8723.0,6096.5,15781.0,18114.0,5631.0,10631.5,9658.5,9989.0,14965.5,5956.5,10260.5,8250.0,8453.5,6607.0,9510.0,7845.5,8093.5,8981.0,7021.0,9637.5,9048.5,8351.5,8986.5,6752.5,11039.0,4856.0,7844.0,6326.0,4869.0,7751.5,8294.5,8805.5,9188.5,10595.0,10168.0,9691.0,11470.5,10000.0,10453.5,9380.0,8711.5,7493.0,7721.5,7033.0,6382.5,6667.5,5832.0,7952.5,8144.0,9164.5,6781.5,10685.0,7608.5,3513.5,4893.0,6204.0,7653.0,7417.0,7268.0,8834.0,7903.5,9382.0
Klimt2.jpg_persistence.pkl,8791.0,8568.0,7095.5,7910.5,7005.0,9611.0,10196.5,11367.0,10564.5,6843.5,11909.0,9014.5,9014.0,8555.0,9193.5,10710.0,10994.0,11903.0,9279.0,8903.0,7773.5,7678.5,9098.0,8850.0,9723.5,12061.0,9619.0,11666.5,10495.0,9203.0,6373.5,6666.5,0.0,7243.5,5597.5,6273.0,6732.0,7860.5,6642.0,4239.5,13322.0,14618.0,4498.5,8235.5,5550.0,9958.5,12164.0,7008.0,8472.0,7192.5,7943.0,6868.0,8690.0,6852.5,8277.0,8689.0,7250.5,9198.0,8424.5,7440.5,11690.5,5759.0,7697.0,5045.5,9285.0,4166.5,5758.5,6005.0,7461.5,7331.0,7511.5,9057.5,8184.5,7750.0,9844.0,8541.0,8422.0,8093.5,8054.0,5853.5,6781.5,6133.0,5860.0,5322.5,3582.5,8965.0,5753.5,8136.5,6560.5,9115.0,9106.5,5851.0,5417.0,5574.5,8079.5,4508.0,4416.0,6397.5,5113.5,7328.5
Klimt3.jpg_persistence.pkl,13312.0,12639.0,11076.5,11765.5,10369.5,13037.5,12822.5,10425.0,13272.5,12062.0,13614.0,11927.0,11153.5,10814.0,12817.5,12666.5,12250.5,13154.0,11850.0,10711.5,10563.0,11301.5,12180.5,11915.5,12466.5,12305.0,12309.5,13332.5,12336.5,11669.0,11673.5,8080.0,7243.5,0.0,7202.0,8990.0,8216.0,10716.5,9400.5,8786.0,9291.0,13318.0,7469.0,6939.5,7870.5,7478.5,9670.5,6753.0,6673.0,10859.5,10994.5,8606.5,12075.0,10246.0,11635.0,12795.0,10019.5,12818.0,12856.5,10614.0,14646.5,9909.5,7100.5,7566.5,11898.0,9287.0,10429.0,11608.0,7849.5,12305.5,11614.0,12409.5,12507.0,11191.0,13092.0,12132.5,11891.5,11823.0,11119.0,9238.5,10455.0,8777.0,9950.5,10747.5,7370.5,11990.0,4977.5,11453.0,10204.5,12750.5,13351.0,8641.0,9602.5,9658.5,11551.5,8433.0,8758.5,11549.5,10438.5,13277.5
Klimt4.jpg_persistence.pkl,10278.5,8159.0,6756.5,8079.0,5333.5,9488.0,9075.5,13363.5,9525.5,8779.5,10986.5,8432.5,8117.5,7919.5,8063.5,9932.0,10259.5,11614.5,8986.5,8222.5,7079.5,7308.5,9566.0,8046.0,8733.0,12833.5,9452.5,11537.0,9939.0,8529.5,8208.0,9043.5,5597.5,7202.0,0.0,7141.5,4810.0,6024.0,6313.0,6588.0,11066.0,11888.0,8270.0,9609.0,8792.0,9796.5,10031.0,8977.5,8874.5,7281.5,7783.0,7198.5,7980.5,7093.0,8591.5,9150.0,7729.5,8672.5,8948.5,7095.0,13722.5,7165.0,5697.5,8916.0,9952.0,6843.0,9354.5,8759.0,11361.5,8587.0,7132.5,8022.5,7986.5,6355.0,8720.5,7528.0,7199.5,7515.5,7652.5,6443.0,7035.5,4952.5,6836.0,8103.0,6602.5,9631.0,5057.5,8118.5,10758.0,8463.0,11576.0,7902.0,8186.5,6537.5,9821.0,4711.5,4658.5,10342.0,7232.0,10597.5
Klimt5.jpg_persistence.pkl,5770.0,5929.5,6364.5,5469.5,6281.0,5923.5,7247.5,9181.5,7852.5,5533.5,8318.0,6063.5,6032.0,5328.0,7465.5,7294.5,7111.0,7304.5,5567.5,5461.0,5153.0,5513.0,4617.0,6255.0,6814.0,7231.0,5874.5,7248.0,6683.0,5933.0,6395.0,5664.0,6273.0,8990.0,7141.5,0.0,5293.0,7896.0,5109.5,4541.0,15723.5,15310.0,7006.0,12442.5,9641.5,9521.5,13039.5,8052.0,11625.0,6741.5,4815.5,3746.5,6011.0,4435.0,4913.0,5539.5,4049.5,6145.5,5638.0,4899.5,7802.0,3729.5,11069.0,5982.5,5033.5,4818.5,4837.0,5519.0,9782.0,5787.5,6667.5,7063.5,6973.5,6066.5,7800.5,6590.0,6630.0,6301.0,5377.0,3691.5,4251.0,4576.0,3897.0,4671.0,5153.5,4985.5,7630.0,5386.5,7235.0,6821.0,6070.0,4440.5,4196.5,4239.0,5178.0,4671.5,6377.5,8826.5,7109.5,7857.0
Klimt6.jpg_persistence.pkl,7974.0,6477.0,5928.5,6224.0,4890.5,6835.5,6835.0,11660.5,7589.5,7050.0,8154.0,6027.0,5813.5,5090.0,6495.0,7114.5,7074.0,8201.5,5908.5,5243.5,4952.0,5334.5,6628.5,5972.5,6530.0,9464.5,6668.0,8478.0,6894.0,5840.0,7134.0,8294.5,6732.0,8216.0,4810.0,5293.0,0.0,6075.5,3719.5,5778.0,12901.0,12736.0,8712.5,11680.0,10655.0,9046.0,10674.0,9213.5,11022.5,6326.5,5206.5,4593.0,5904.5,4439.0,6049.0,6789.0,4670.5,6706.5,6874.0,4592.0,10801.0,5050.5,9088.5,8578.0,7191.5,5719.5,7923.0,6777.0,12104.0,6782.5,6081.5,6525.0,6660.5,4886.0,7067.0,6006.5,5720.0,6029.5,5624.0,4605.0,4966.0,3983.5,4839.0,6751.0,6609.0,6688.0,6979.5,5361.0,10355.0,6367.0,9084.0,7092.0,7548.0,5439.5,7357.0,5110.5,5132.5,10948.0,7177.0,9595.0
Klimt7.jpg_persistence.pkl,9789.0,6870.5,6857.5,7338.0,6402.0,8466.5,7438.0,15451.0,7975.0,8645.5,9456.0,7140.0,6946.0,6981.5,5929.0,8354.5,9112.0,10434.0,7875.0,7412.0,6217.0,6128.5,8895.0,6440.5,7236.5,12630.0,8458.0,10539.0,8670.0,7344.5,8430.5,11954.5,7860.5,10716.5,6024.0,7896.0,6075.5,0.0,4927.0,7902.5,12658.5,9061.5,10733.0,13248.5,11234.0,10847.5,9385.5,12663.5,12220.0,7697.5,6696.5,7201.0,6623.0,6129.5,7874.5,8212.5,7216.5,7458.0,7979.0,6041.5,13864.5,7070.0,10056.0,11158.5,9438.5,8203.5,10684.0,8693.5,14291.5,7994.0,6567.0,6467.0,6961.5,5343.5,6574.0,6212.5,5569.5,6538.5,6606.5,5885.5,6333.5,6837.5,7307.5,8682.5,8486.5,9195.0,8511.5,6535.0,12648.0,6557.0,11793.0,10264.0,9615.5,7493.5,9475.5,5929.0,7812.5,12170.5,8162.0,11122.0
Klimt8.jpg_persistence.pkl,6516.5,5038.0,4853.0,4795.0,4708.0,5551.5,5316.5,12033.0,5837.0,5556.5,6725.0,4427.5,4169.5,3728.5,4626.5,5653.5,5808.0,6975.5,4707.5,3894.5,3592.0,3844.0,5422.5,4350.5,4964.0,8550.0,5164.0,7004.5,5349.5,4238.0,5810.5,8723.0,6642.0,9400.5,6313.0,5109.5,3719.5,4927.0,0.0,4956.5,14279.5,12382.0,8427.0,12599.0,10164.0,9421.0,11036.0,10539.5,11721.5,5044.0,3814.0,3691.5,4446.5,3336.5,4661.0,5452.0,3739.0,5209.0,5471.5,3206.5,9872.0,3604.5,10509.5,8571.0,5911.0,5122.0,7182.0,5472.5,12267.0,5319.5,4838.0,4739.0,5252.5,4134.5,5213.5,4700.5,4355.5,4643.5,4281.0,3435.5,3672.5,4124.0,4222.0,5542.0,6171.0,5877.5,7915.5,3938.0,9572.0,4615.0,7915.0,7105.5,6682.5,4836.0,5869.5,5101.5,5908.5,9757.0,6120.5,8216.5
Klimt9.jpg_persistence.pkl,6100.5,5896.0,4329.5,4941.0,4685.0,6680.5,6887.0,10253.0,7470.5,4438.5,8527.5,5860.5,5964.5,5251.0,6698.5,7399.0,7788.0,8627.5,6296.0,5566.0,4629.0,4957.5,6125.0,5910.5,6440.5,9445.0,6422.0,8401.5,7058.5,5830.0,3752.5,6096.5,4239.5,8786.0,6588.0,4541.0,5778.0,7902.5,4956.5,0.0,15324.5,15367.5,5137.5,10526.0,7163.5,10609.0,13200.5,8496.5,10226.0,4637.0,5228.0,4387.5,5741.0,4934.0,5195.5,5777.0,4698.5,6344.5,5593.0,4691.5,9529.5,3807.0,9629.5,5635.0,6393.5,2558.5,4423.0,3758.0,8765.0,4607.5,4676.5,6138.5,5174.5,5345.5,7155.0,5609.5,5910.0,5123.5,5447.5,5018.0,4571.5,4611.0,3827.0,3228.5,3773.5,6881.5,7527.0,6224.5,6466.5,6429.0,6867.5,4666.0,4064.0,3718.5,5386.0,4322.0,3596.5,6114.5,3435.0,5620.5
Mithila1.jpg_persistence.pkl,19849.0,17729.5,16288.0,17660.0,14828.0,18629.0,18205.5,18211.0,18794.0,18133.0,19936.0,17831.5,17319.5,16670.0,16896.5,19017.0,18977.0,20384.0,17857.5,17008.0,16448.0,16638.0,18631.0,17178.5,18031.5,20133.0,18718.0,20623.0,18967.0,17659.0,17530.5,15781.0,13322.0,9291.0,11066.0,15723.5,12901.0,12658.5,14279.5,15324.5,0.0,10838.5,14218.5,8976.5,12808.0,11722.5,8224.5,13473.5,8072.0,15971.5,16905.0,15078.5,17380.5,16111.5,18067.0,18811.5,16644.5,18096.0,18599.0,16245.0,22087.5,16092.0,8456.0,15205.0,19402.5,15784.5,17691.5,18137.0,14170.0,18232.5,16530.0,17306.5,17559.0,15819.0,17692.5,16986.5,16395.5,16965.5,16962.0,15050.5,16214.5,14470.5,16287.0,17108.5,13990.5,18305.5,9486.0,17003.5,17233.5,17395.5,20542.0,15918.0,16482.0,15832.0,19327.0,13899.5,13922.0,17798.5,15850.0,19542.5
Mithila10.jpg_persistence.pkl,17914.5,15155.5,15124.0,15458.0,14130.0,16336.0,15473.0,21360.5,15958.5,16655.5,17363.5,15372.0,14947.5,14582.0,13819.0,16366.0,16730.5,18216.5,15546.0,15187.0,14417.0,14402.0,16716.5,14608.0,15379.5,19280.5,16485.5,18540.5,16645.0,15328.0,16436.0,18114.0,14618.0,13318.0,11888.0,15310.0,12736.0,9061.5,12382.0,15367.5,10838.5,0.0,16431.5,14992.0,14655.5,14010.0,6444.0,17251.5,13874.0,15579.5,14494.0,13773.5,14849.0,13945.0,15979.0,16486.5,14730.5,15504.5,16307.5,13997.0,21018.0,14843.0,12398.5,16441.0,17599.0,15908.0,18213.0,16852.0,17329.0,16187.5,14773.5,14576.0,15178.5,13479.0,13677.0,14396.5,13492.0,14811.5,14905.0,13202.0,14094.0,14256.0,15356.0,16630.5,14546.5,16403.0,11730.0,14617.5,18133.0,14690.0,19426.0,17282.5,16749.0,15445.0,17631.5,13164.0,15080.0,18530.5,15964.0,18811.5
Mithila2.jpg_persistence.pkl,9893.0,9872.0,8201.0,9003.5,8287.0,10525.0,11154.5,9920.0,11834.5,8137.0,12748.0,10080.0,10031.0,9210.5,10739.5,11668.5,11763.0,12236.5,10107.0,9566.5,8725.0,8977.0,9570.0,10087.5,10738.5,11363.5,10447.0,12045.0,11039.5,9962.5,7404.0,5631.0,4498.5,7469.0,8270.0,7006.0,8712.5,10733.0,8427.0,5137.5,14218.5,16431.5,0.0,7831.0,5495.0,10909.5,13742.0,5953.5,7904.0,7961.0,9271.0,7180.0,9923.0,8558.5,9235.5,9860.5,8151.5,10535.0,9625.0,8703.0,11149.5,7088.5,8895.5,4600.0,10093.5,5508.5,5309.0,7031.5,5550.5,8633.0,8548.0,10238.5,9318.5,9320.0,11200.5,9784.5,9804.5,9328.5,9260.5,8062.0,8344.5,8085.0,7142.5,6423.0,4443.5,10013.5,7086.5,10094.5,4842.5,10412.5,9371.5,5360.0,6108.5,6863.5,9032.5,7148.0,6378.0,5505.0,6046.5,7714.5
Mithila3.jpg_persistence.pkl,15985.5,15059.0,12747.5,14297.5,12202.0,15961.5,15853.5,14948.5,16512.5,13958.0,17562.0,15140.5,14657.5,14162.5,15000.5,16624.5,16591.0,17815.5,15371.0,14475.0,13582.0,13959.5,15528.0,14701.5,15600.5,17255.5,15949.0,17769.0,16354.5,15073.0,13080.0,10631.5,8235.5,6939.5,9609.0,12442.5,11680.0,13248.5,12599.0,10526.0,8976.5,14992.0,7831.0,0.0,6459.0,11534.5,11302.5,8786.0,3360.0,12305.5,14119.5,12268.0,14821.0,13276.0,14815.0,15585.0,13472.0,15581.0,15307.5,13549.0,17918.0,12659.0,6923.0,9665.5,15996.5,10937.0,12101.0,13245.5,6653.5,14331.5,13198.0,14840.0,14111.0,13453.5,15629.0,14423.0,14129.0,14113.5,14222.5,12454.5,13227.5,11621.0,12531.0,12267.5,9347.5,15373.5,7784.5,14650.5,10982.5,15283.0,16036.0,10597.5,12195.0,11839.0,15229.0,10837.0,9677.5,11364.5,10311.0,14038.5
Mithila4.jpeg_persistence.pkl,12172.5,11884.0,9858.0,10894.0,10033.0,13074.0,13078.0,14376.5,13607.0,10214.5,14917.5,12248.5,11897.0,11607.0,11975.0,13856.5,13967.5,15246.5,12645.0,11907.5,10772.5,10828.5,12538.0,11873.5,12712.0,15141.0,13039.0,15011.0,13663.0,12303.0,8470.0,9658.5,5550.0,7870.5,8792.0,9641.5,10655.0,11234.0,10164.0,7163.5,12808.0,14655.5,5495.0,6459.0,0.0,11298.5,12235.0,9261.5,7274.5,9743.0,11167.5,9740.5,11839.0,10338.0,11637.0,12148.5,10768.0,12523.0,11823.5,10557.5,14871.5,9401.0,7884.5,6700.5,12889.5,7447.0,8606.5,8885.5,4710.5,10511.5,10190.0,11938.0,10781.0,10909.0,12335.0,11512.0,11141.5,11110.0,11448.0,9460.0,9973.0,9919.0,9437.0,8501.5,6183.0,12363.5,7468.5,12045.0,7226.5,12293.5,12296.5,8961.0,8737.0,8872.5,11347.0,8097.5,7502.5,6163.5,6922.0,8823.5
Mithila5.jpg_persistence.pkl,12221.0,12657.5,12644.0,11939.0,12132.0,11996.5,12623.0,11325.5,13288.5,12237.0,12942.5,11894.0,11963.5,10753.5,12975.0,12695.0,12365.0,12180.0,10646.5,10983.0,11134.0,11506.0,10811.5,12149.0,12431.0,11200.5,11481.0,11869.5,12002.5,11338.0,13213.0,9989.0,9958.5,7478.5,9796.5,9521.5,9046.0,10847.5,9421.0,10609.0,11722.5,14010.0,10909.5,11534.5,11298.5,0.0,9250.0,9684.5,11352.5,12477.0,10401.5,8983.5,11597.5,9746.5,11437.5,12127.5,9765.0,11810.5,12682.0,10255.0,13144.0,10147.0,12021.5,8929.0,11345.5,11528.0,11571.0,12446.5,11238.0,12833.0,12755.0,12899.5,13229.0,11847.0,13377.5,12479.5,12360.0,12287.0,11743.0,8958.5,9802.5,10109.0,10525.5,11992.0,8893.5,9966.5,8954.0,10211.0,11771.5,12634.5,12170.0,10371.5,9827.0,11247.5,12249.5,9906.0,11914.0,14069.0,12778.5,15013.5
Mithila6.jpg_persistence.pkl,16611.5,14351.0,13777.0,14353.5,12669.5,15229.5,14688.0,16738.0,15296.5,15199.5,16436.0,14457.5,13974.0,13345.0,13356.0,15501.5,15520.5,16960.5,14459.5,13814.0,13288.0,13374.5,15326.5,13743.5,14553.0,17100.0,15364.0,17251.5,15558.0,14286.0,14895.0,14965.5,12164.0,9670.5,10031.0,13039.5,10674.0,9385.5,11036.0,13200.5,8224.5,6444.0,13742.0,11302.5,12235.0,9250.0,0.0,14245.5,10623.5,13736.5,13405.5,12021.0,13994.5,12749.0,14766.5,15487.0,13405.0,14711.0,15317.0,12786.5,19258.5,13184.5,10516.5,13918.5,16203.5,13781.5,15883.0,15311.5,14326.5,14996.0,13753.5,13929.5,14258.5,12644.0,13730.0,13634.5,12851.0,13889.0,13844.5,11621.0,12827.0,12465.5,13719.5,14716.5,12227.5,14983.0,9164.5,13660.0,15822.5,14121.0,17661.0,14736.0,14533.0,13870.0,16240.5,11587.5,12871.5,16396.0,14172.0,17096.5
Mithila7.jpeg_persistence.pkl,11687.5,12377.5,11426.0,11656.5,10783.5,12156.0,13667.5,8082.5,14355.5,10905.0,14841.5,12458.5,12621.0,11576.5,13699.5,13676.5,13695.0,13363.0,11871.0,11804.5,11260.5,11712.0,10600.5,12769.0,13258.0,11113.0,12203.0,12596.0,12958.0,12241.5,11369.5,5956.5,7008.0,6753.0,8977.5,8052.0,9213.5,12663.5,10539.5,8496.5,13473.5,17251.5,5953.5,8786.0,9261.5,9684.5,14245.5,0.0,8318.0,11268.0,11199.5,9223.0,12295.0,10220.0,11242.0,11682.0,9700.5,12592.0,11866.5,10814.5,11135.5,9013.5,9813.0,5827.0,11151.5,8552.5,7400.0,10204.5,7562.5,11632.0,12040.5,13243.0,12837.0,11711.0,14130.0,12624.0,12686.0,12159.0,11677.5,9186.0,10111.0,8856.0,8778.5,9392.0,6760.0,10465.0,7199.5,11503.5,7585.5,13091.0,9963.5,6405.5,7591.0,8979.0,11001.0,8511.0,8758.5,10567.5,10519.0,12101.0
Mithila8.jpeg_persistence.pkl,15246.0,13786.5,11629.0,13254.0,10917.5,14785.0,14581.5,14275.5,15182.0,13358.0,16331.5,13944.0,13515.0,12962.5,13668.5,15391.5,15558.5,16738.5,14161.0,13285.0,12470.0,12774.5,14493.5,13541.0,14339.5,16561.0,14822.0,16710.5,15177.0,13893.0,12705.5,10260.5,8472.0,6673.0,8874.5,11625.0,11022.5,12220.0,11721.5,10226.0,8072.0,13874.0,7904.0,3360.0,7274.5,11352.5,10623.5,8318.0,0.0,11172.0,13124.0,11413.0,13529.5,12485.0,13765.0,14563.0,12535.0,14293.5,14307.5,12504.0,17330.5,11979.0,6383.5,9955.0,15042.0,10635.0,12043.0,13134.5,7592.0,13652.0,12149.5,13554.0,13145.5,12159.5,14412.5,13126.0,12931.0,12912.5,13025.5,11701.5,12355.5,10438.5,11619.5,11953.0,9259.5,14434.0,7274.5,13837.5,11389.5,14097.5,15631.0,10133.0,11513.0,10944.0,14636.5,10004.0,9393.5,11831.5,10398.5,14223.5
