,G_Dey1.jpg_persistence.pkl,G_Dey10.jpeg_persistence.pkl,G_Dey2.jpg_persistence.pkl,G_Dey3.jpeg_persistence.pkl,G_Dey4.jpg_persistence.pkl,G_Dey5.jpg_persistence.pkl,G_Dey6.jpg_persistence.pkl,G_Dey7.jpeg_persistence.pkl,G_Dey8.jpg_persistence.pkl,G_Dey9.jpg_persistence.pkl,G_Gen1.jpg_persistence.pkl,G_Gen10.jpg_persistence.pkl,G_Gen2.jpg_persistence.pkl,G_Gen3.jpg_persistence.pkl,G_Gen4.png_persistence.pkl,G_Gen5.jpeg_persistence.pkl,G_Gen6.jpg_persistence.pkl,G_Gen7.jpg_persistence.pkl,G_Gen8.jpg_persistence.pkl,G_Gen9.jpg_persistence.pkl,G_Goya1.jpg_persistence.pkl,G_Goya10.jpg_persistence.pkl,G_Goya2.jpg_persistence.pkl,G_Goya3.jpg_persistence.pkl,G_Goya4.jpg_persistence.pkl,G_Goya5.jpg_persistence.pkl,G_Goya6.jpg_persistence.pkl,G_Goya7.jpg_persistence.pkl,G_Goya8.jpg_persistence.pkl,G_Goya9.jpg_persistence.pkl,G_Klimt1.jpg_persistence.pkl,G_Klimt10.jpeg_persistence.pkl,G_Klimt2.jpg_persistence.pkl,G_Klimt3.jpg_persistence.pkl,G_Klimt4.jpg_persistence.pkl,G_Klimt5.jpg_persistence.pkl,G_Klimt6.jpg_persistence.pkl,G_Klimt7.jpg_persistence.pkl,G_Klimt8.jpg_persistence.pkl,G_Klimt9.jpg_persistence.pkl,G_Mithila1.jpg_persistence.pkl,G_Mithila10.jpg_persistence.pkl,G_Mithila2.jpg_persistence.pkl,G_Mithila3.jpg_persistence.pkl,G_Mithila4.jpeg_persistence.pkl,G_Mithila5.jpg_persistence.pkl,G_Mithila6.jpg_persistence.pkl,G_Mithila7.jpeg_persistence.pkl,G_Mithila8.jpeg_persistence.pkl,G_Mithila9.jpg_persistence.pkl,G_Raja1.jpg_persistence.pkl,G_Raja10.jpg_persistence.pkl,G_Raja2.jpg_persistence.pkl,G_Raja3.jpg_persistence.pkl,G_Raja4.jpg_persistence.pkl,G_Raja5.jpeg_persistence.pkl,G_Raja6.jpg_persistence.pkl,G_Raja7.jpg_persistence.pkl,G_Raja8.jpg_persistence.pkl,G_Raja9.jpg_persistence.pkl,G_Ren1.jpg_persistence.pkl,G_Ren10.jpg_persistence.pkl,G_Ren2.jpg_persistence.pkl,G_Ren3.jpg_persistence.pkl,G_Ren4.jpg_persistence.pkl,G_Ren5.jpg_persistence.pkl,G_Ren6.jpg_persistence.pkl,G_Ren7.jpg_persistence.pkl,G_Ren8.jpg_persistence.pkl,G_Ren9.jpeg_persistence.pkl,G_Robert1.jpg_persistence.pkl,G_Robert10.jpg_persistence.pkl,G_Robert2.jpg_persistence.pkl,G_Robert3.jpg_persistence.pkl,G_Robert4.jpg_persistence.pkl,G_Robert5.jpg_persistence.pkl,G_Robert6.jpg_persistence.pkl,G_Robert7.jpg_persistence.pkl,G_Robert8.jpg_persistence.pkl,G_Robert9.jpg_persistence.pkl,G_Sid1.jpeg_persistence.pkl,G_Sid10.jpg_persistence.pkl,G_Sid2.jpeg_persistence.pkl,G_Sid3.jpg_persistence.pkl,G_Sid4.jpg_persistence.pkl,G_Sid5.jpeg_persistence.pkl,G_Sid6.jpeg_persistence.pkl,G_Sid7.jpg_persistence.pkl,G_Sid8.jpg_persistence.pkl,G_Sid9.jpg_persistence.pkl,G_Vin1.jpg_persistence.pkl,G_Vin10.jpg_persistence.pkl,G_Vin2.jpg_persistence.pkl,G_Vin3.jpg_persistence.pkl,G_Vin4.jpg_persistence.pkl,G_Vin5.jpg_persistence.pkl,G_Vin6.jpg_persistence.pkl,G_Vin7.jpg_persistence.pkl,G_Vin8.jpeg_persistence.pkl,G_Vin9.jpg_persistence.pkl
G_Dey1.jpg_persistence.pkl,0.0,6993.5,9501.0,4364.5,14028.5,5624.0,8066.0,16863.0,7913.5,5463.5,8549.0,7931.5,8147.5,6617.0,9113.5,8654.5,10805.0,8379.5,6753.0,8312.0,7847.0,7716.5,5258.5,8267.5,6817.0,7554.5,7682.0,9286.5,8165.5,6713.0,11219.5,14246.0,16598.0,14106.0,32877.5,9865.0,22198.0,21765.5,10889.5,10724.0,29187.0,42953.0,18071.0,17170.5,20945.5,11073.5,16790.0,21985.5,15582.5,17785.0,7258.5,8386.5,5921.0,7224.5,5236.5,5846.0,5925.0,5037.0,5087.0,7947.5,6537.5,9723.0,19154.5,13256.0,6713.5,11195.5,9531.0,11491.0,18885.0,4726.0,8379.0,9070.5,6474.0,8551.0,9742.5,8187.0,10012.0,7425.5,9135.5,11743.5,4532.5,10462.0,10989.5,10317.0,7900.5,12731.5,18879.5,11272.0,12862.5,10685.5,9410.0,16231.5,10375.0,12947.5,7451.0,14224.0,17106.5,21279.0,18761.0,14725.0
G_Dey10.jpeg_persistence.pkl,6993.5,0.0,6198.0,5009.5,10125.0,7787.5,5218.5,16237.0,6271.0,5134.0,8999.0,5626.0,6236.5,5240.5,4384.0,5491.0,8842.5,7013.0,6998.0,6975.5,5292.5,5467.5,7217.5,5225.5,5067.0,9098.0,6668.5,8628.5,6876.0,5224.5,9871.0,18357.5,15534.5,17947.5,31913.5,12457.5,21869.0,19403.5,11163.5,11831.0,32203.5,44906.5,21844.5,20143.0,21353.5,14342.0,18307.5,25286.0,16302.0,20206.5,5560.5,8577.0,5040.5,8394.0,4467.5,5676.0,5735.0,5792.5,5321.0,6606.5,12147.0,11839.0,17222.5,15578.5,9820.0,10368.0,13448.0,10267.0,21049.0,4674.5,4872.0,4749.0,3709.0,4748.0,6394.0,3926.5,6225.0,4431.0,7225.5,11923.5,6640.5,11752.0,14526.5,12646.5,11587.5,17100.5,22413.5,13025.0,18425.0,8256.0,13744.5,20358.0,14703.0,14579.0,9296.0,10997.0,15974.5,22864.0,15212.5,14249.5
G_Dey2.jpg_persistence.pkl,9501.0,6198.0,0.0,7260.5,6646.5,11306.5,8605.0,16303.0,9744.0,8029.0,12359.0,8777.0,9053.0,8157.5,7168.5,8790.5,11741.0,10149.0,10236.5,8585.0,6061.5,6487.5,10446.0,7824.5,8552.0,11962.5,9914.0,11925.5,10192.0,8378.5,8058.0,15659.5,12209.5,16887.0,27817.0,12109.5,17958.5,14935.0,9304.0,10689.0,31349.0,43093.5,21355.0,20541.5,20867.0,14324.5,16351.5,25113.5,16466.0,20684.5,7988.5,10195.5,8257.0,9021.0,7346.0,7786.5,7267.0,9224.0,7636.0,7421.0,12424.0,11231.0,13918.5,13453.0,9321.5,7126.0,12704.5,6535.0,18824.5,6258.0,3623.0,7568.5,5483.5,6553.0,8992.0,6212.0,7523.5,5739.0,8860.5,10640.0,7573.0,8825.0,11377.0,10110.0,10885.5,16961.5,19293.0,11429.5,18884.0,9747.0,13217.5,16863.0,15213.5,10921.5,10823.5,7570.5,11728.5,21559.0,10985.5,13420.0
G_Dey3.jpeg_persistence.pkl,4364.5,5009.5,7260.5,0.0,12034.0,6740.5,4955.0,14997.5,5170.0,5607.5,7239.0,4982.5,5230.5,4069.0,6065.5,5289.5,7989.0,5713.5,5470.0,5611.0,5166.5,5848.5,5041.5,5176.0,4130.0,6452.5,5181.0,7164.5,5251.5,3925.5,10112.0,15535.5,16669.0,15928.0,32285.0,10186.0,21160.5,19852.0,9831.5,11023.5,31353.5,45197.5,20741.0,19330.0,21918.0,11877.5,17145.5,24301.5,16816.0,19765.5,5068.5,6479.5,3868.5,6759.0,3182.5,4092.0,4218.0,4891.0,4279.5,6173.0,9558.5,10593.0,18383.5,14299.5,7659.0,10685.0,12028.0,10561.0,20719.0,4347.5,5967.5,6069.5,3868.5,5738.0,6734.5,5219.5,7298.5,4816.0,6933.5,10578.0,5463.0,9887.5,13133.5,12626.0,10138.0,14646.0,20973.5,11223.5,15882.0,8355.5,12749.5,18060.5,13250.0,13057.0,7387.0,12762.5,16340.0,23103.5,16718.5,15017.5
G_Dey4.jpg_persistence.pkl,14028.5,10125.0,6646.5,12034.0,0.0,16460.0,12516.0,19537.0,13500.5,11932.0,16271.5,12900.0,13214.5,12466.5,10799.5,12696.0,15723.5,14414.0,15026.0,12733.0,9930.0,10215.5,15179.5,11817.5,12827.0,16624.5,14237.5,16195.5,14153.5,12705.0,9595.5,18351.5,9658.0,19145.5,24945.0,15604.0,17216.5,13002.5,11401.5,12309.5,30098.0,39925.5,21916.5,21185.0,20318.0,17112.0,17971.5,25517.5,16582.5,21289.0,12417.0,14475.5,12533.5,12660.0,11908.5,12671.5,11641.0,14295.0,12492.0,11421.0,16069.5,13640.5,11315.5,13889.0,13625.5,7076.0,14368.0,7228.5,16723.0,10784.0,8200.0,11148.0,9582.0,10311.0,12740.5,9815.5,10823.5,10188.5,12167.5,14102.5,12220.0,11182.5,11750.0,12136.0,14004.0,20720.5,19349.0,13476.0,22013.5,12587.0,14923.0,18689.0,16752.5,13475.5,14774.5,6401.0,10601.5,20583.5,8355.5,14206.0
G_Dey5.jpg_persistence.pkl,5624.0,7787.5,11306.5,6740.5,16460.0,0.0,7386.0,17251.0,7017.0,6958.5,8963.5,6873.5,7608.0,6485.0,8516.0,7420.0,10053.5,7287.5,5367.0,8782.0,8589.5,8374.5,5339.0,7498.0,6187.0,6928.5,6914.0,8433.5,7764.0,6319.0,14494.5,17264.0,19992.0,16068.5,35970.5,12541.0,24740.0,24621.0,13234.5,13801.5,31498.0,45039.0,19917.0,19508.0,23703.5,13266.0,18401.5,24511.0,18395.5,20164.0,7641.0,9170.0,5820.5,9326.0,6778.5,5797.0,7511.5,4737.0,5356.5,9302.5,9325.0,12631.5,22631.5,16229.0,9135.0,14544.5,12655.5,14550.0,21816.5,6592.5,9507.5,8292.0,7363.5,8489.5,8827.0,8215.0,10185.0,8385.0,10688.5,13536.5,6354.5,12715.0,14134.0,11813.0,10379.5,14725.5,21739.0,12445.0,14800.5,11009.0,11451.0,19108.5,12713.0,15778.5,10079.0,17057.5,20562.5,23472.5,21103.5,17850.0
G_Dey6.jpg_persistence.pkl,8066.0,5218.5,8605.0,4955.0,12516.0,7386.0,0.0,14379.0,2077.0,8305.5,4900.5,2192.0,3399.0,2733.5,4210.0,1914.5,5289.5,2950.5,4093.5,4504.0,3898.0,5634.5,5896.5,3408.0,2366.0,5559.0,3230.5,4465.0,2647.0,2244.5,13060.0,17483.0,19752.5,18318.0,35036.5,12584.5,23191.0,21898.0,11186.5,13876.5,34413.0,48310.5,23964.5,22654.0,25202.5,13847.5,19334.5,26677.5,19881.0,22614.5,4548.5,7157.0,3200.0,8540.0,4155.5,4862.0,5331.0,6424.5,5522.5,5832.0,13450.0,12972.5,21528.5,16637.0,9400.0,13748.5,15333.0,13412.5,24026.0,6774.0,6227.5,3480.5,4611.0,4261.5,4316.0,3972.5,6036.0,5495.5,6352.0,11907.0,7878.0,11418.0,16331.5,15773.0,13370.0,17050.0,23448.0,12216.0,19559.5,9129.5,16379.5,20965.0,16676.5,15568.0,9401.0,15128.0,19406.5,26280.5,17654.5,18235.5
G_Dey7.jpeg_persistence.pkl,16863.0,16237.0,16303.0,14997.5,19537.0,17251.0,14379.0,0.0,15172.5,18194.5,13730.0,13631.5,11976.5,13595.5,14792.5,15066.0,11258.0,13226.5,12800.0,11244.0,13361.5,13234.0,13803.5,13233.5,14324.0,13505.5,12840.5,12544.5,14860.0,14219.5,17591.0,13256.0,23243.5,14393.0,34105.0,10860.0,20319.0,23890.0,13227.5,14465.5,32727.5,45393.5,21591.5,23094.0,26119.0,12149.5,17778.5,21478.0,21892.0,22620.5,12131.5,10003.5,13838.0,11503.0,14071.0,13291.5,12556.5,16062.0,13957.0,13456.0,17569.5,12025.0,23821.0,13039.5,12575.0,19090.0,16777.5,18894.0,24768.5,15419.0,15150.5,16054.0,14424.5,13631.5,14870.0,15147.5,14004.0,13889.0,11774.0,10364.0,14336.0,12729.5,17109.5,19008.5,15435.5,13272.0,18594.0,13950.0,18710.5,15912.5,20273.5,17624.0,18246.5,15596.5,10514.5,20143.5,21653.0,25914.0,23057.5,22607.5
G_Dey8.jpg_persistence.pkl,7913.5,6271.0,9744.0,5170.0,13500.5,7017.0,2077.0,15172.5,0.0,8904.0,4458.5,2513.5,3919.5,2836.5,5105.0,1960.0,5673.5,3059.5,4229.5,5250.0,4998.5,6526.5,6170.5,4414.0,2643.0,5305.0,3116.0,4685.0,2406.0,2146.5,14118.0,18257.0,20872.0,18989.0,36193.5,13429.5,24369.0,23143.0,12240.5,14832.0,35131.0,49173.5,24656.0,23252.0,26040.0,14697.0,20130.5,27606.5,20808.0,23327.5,5521.5,8075.5,3394.0,9542.0,4805.5,5620.0,6392.5,7171.0,6027.0,6579.0,13624.5,14015.0,22602.0,17599.5,10443.0,14711.5,16037.0,14431.5,24830.5,7583.0,7254.5,4063.0,5379.0,5253.0,5002.0,4941.0,6870.0,6591.0,7408.0,13066.5,8440.0,12535.0,17043.0,16503.5,13994.0,17716.5,24423.0,12821.5,19897.5,9646.0,16744.0,21661.0,17185.0,16685.0,10361.5,16288.0,20509.0,27127.5,18666.5,19247.0
G_Dey9.jpg_persistence.pkl,5463.5,5134.0,8029.0,5607.5,11932.0,6958.5,8305.5,18194.5,8904.0,0.0,11583.0,8413.5,8801.5,7750.5,8136.0,8516.0,11737.0,9613.5,8598.0,9075.0,8024.0,8132.0,8561.5,8628.5,7752.0,10319.0,9008.5,11181.5,9652.0,7875.5,9608.0,17576.5,14777.0,16656.5,31921.0,12118.0,22589.5,20672.5,12339.5,11069.5,29403.0,42451.0,18793.5,16746.5,19056.5,14182.0,18114.5,22751.0,13639.5,17372.0,7778.0,10178.5,7562.5,9505.5,6593.0,7460.0,7079.0,4629.0,6541.5,9286.0,10021.5,11625.5,16892.0,14791.0,9297.5,10021.0,11226.5,10341.5,18673.0,4959.0,7252.5,8587.0,6001.0,8130.5,10031.5,7586.0,9649.5,6858.5,10045.0,13163.0,6869.5,12229.5,13024.0,9811.0,9880.0,16117.0,21104.0,14216.5,15890.5,10529.0,10425.0,19399.0,11358.0,14520.0,9453.0,11761.0,15719.0,20000.5,16923.5,12342.5
G_Gen1.jpg_persistence.pkl,8549.0,8999.0,12359.0,7239.0,16271.5,8963.5,4900.5,13730.0,4458.5,11583.0,0.0,4873.0,5153.5,4766.5,7784.5,5561.5,5100.5,4452.0,4489.0,5647.0,6956.5,8099.5,5915.5,5901.0,4938.0,4885.5,4480.0,4372.0,4322.5,4611.0,16576.5,16693.0,23260.5,18590.0,38122.0,12926.5,24857.0,25374.5,13490.0,16361.0,36501.0,50420.0,25266.0,24978.0,28343.0,12964.5,21310.0,26601.0,23092.0,25091.5,6102.0,7509.5,4939.5,9393.5,6302.5,7352.5,7531.0,8836.5,7586.5,7489.5,12843.0,13881.0,25058.5,16431.5,9869.0,16974.5,16368.0,16815.5,26426.5,9954.5,9940.5,7360.5,8213.0,7545.0,6976.5,7810.5,9479.5,8978.5,7218.0,11849.0,9779.0,12593.5,17696.0,18159.5,15207.5,15933.0,23786.5,11748.5,18571.5,12109.0,17339.0,21030.0,17330.0,17081.5,9715.0,18823.0,22877.0,29115.5,21235.0,21685.5
G_Gen10.jpg_persistence.pkl,7931.5,5626.0,8777.0,4982.5,12900.0,6873.5,2192.0,13631.5,2513.5,8413.5,4873.0,0.0,2548.5,2712.5,4447.0,1825.5,4486.5,2013.5,3633.0,4112.5,3976.5,5302.5,5712.0,3031.5,2028.0,5080.5,2679.5,4178.0,2305.0,2312.0,12908.0,17444.5,19778.0,18227.5,34905.5,12385.5,22787.5,21786.0,10873.5,13702.0,34393.0,48141.0,23787.0,22649.5,25011.5,13874.0,19089.5,26501.5,19978.5,22405.5,4515.0,6711.5,2869.0,8339.0,4041.0,4274.0,5306.0,6353.5,5157.0,5635.5,13467.0,12705.5,21473.5,16481.5,9402.0,13604.0,15163.5,13354.5,23757.5,6647.0,6290.5,4001.5,4419.0,4257.5,3986.0,4216.5,6520.0,5726.0,6052.5,11544.0,7799.0,11290.5,16225.0,15655.0,13238.5,17157.5,23387.0,12359.5,19510.5,8813.0,16357.5,20933.0,16496.0,15198.0,9055.0,15250.0,19261.0,26118.5,17657.5,18170.0
G_Gen2.jpg_persistence.pkl,8147.5,6236.5,9053.0,5230.5,13214.5,7608.0,3399.0,11976.5,3919.5,8801.5,5153.5,2548.5,0.0,3399.0,5207.0,3721.0,3796.0,2795.5,3905.0,3412.5,4460.5,5123.0,5834.0,3401.5,3390.5,5219.0,2268.5,4605.5,4090.5,3333.0,12847.5,16685.0,19631.0,16994.5,34514.5,11878.0,21959.0,21687.5,10648.0,13386.5,34230.5,47883.0,23566.5,22463.5,24775.5,12829.0,18894.0,25144.5,19840.0,22287.5,3507.5,5754.5,3489.0,7983.0,4354.0,4505.0,5189.5,6656.5,5292.0,5453.0,13323.5,12300.0,21350.5,15386.5,8683.0,13483.5,15017.0,13294.5,23602.5,6671.5,6584.0,5351.5,4656.0,4959.5,5116.0,4971.0,6995.5,5727.5,5291.0,10289.0,7665.5,10689.0,16009.5,15461.0,13045.0,16678.5,22714.5,12008.5,19230.0,8902.0,16246.0,20682.5,16370.5,14472.5,8009.5,15244.5,19132.5,25910.5,17796.0,18046.5
G_Gen3.jpg_persistence.pkl,6617.0,5240.5,8157.5,4069.0,12466.5,6485.0,2733.5,13595.5,2836.5,7750.5,4766.5,2712.5,3399.0,0.0,4197.5,3295.0,5520.0,3612.5,3568.5,3931.0,3561.0,4628.0,4901.5,3491.0,2572.0,5044.5,3010.0,4891.0,3205.0,1857.5,12320.0,16545.0,18840.0,16976.5,34048.0,11286.0,22158.0,21268.0,10060.5,12591.0,32887.0,46797.0,22423.5,21024.0,24007.5,12735.0,17773.0,25572.5,18751.0,21318.5,3811.5,6263.5,2305.0,7258.0,3406.5,4041.5,4397.5,5383.5,4471.0,4771.0,11674.0,11641.0,20730.0,15442.5,8623.0,12629.0,13749.0,12453.0,22489.0,6053.0,5928.0,4462.5,4416.0,4105.5,4719.5,4467.0,5679.0,5197.0,6186.0,10934.5,6311.5,10312.5,14716.0,14242.5,11796.5,15735.5,22180.5,10714.0,17795.0,8101.5,14751.5,19362.0,15034.0,14343.5,8633.5,14553.5,18573.5,24966.0,17222.0,17380.5
G_Gen4.png_persistence.pkl,9113.5,4384.0,7168.5,6065.5,10799.5,8516.0,4210.0,14792.5,5105.0,8136.0,7784.5,4447.0,5207.0,4197.5,0.0,4218.0,7379.5,5898.0,6624.0,5681.0,4796.0,5300.0,8010.0,4091.0,4584.5,8534.5,5736.5,7726.0,5675.0,4335.5,11922.0,18999.0,17663.5,18599.0,33489.0,13294.5,21838.5,19208.0,10028.0,13473.5,34130.0,46987.5,23948.0,22227.0,24110.0,14414.5,18164.5,27195.0,18383.0,22545.5,5250.0,7377.0,4646.5,8781.5,5698.5,6108.0,6272.0,7490.0,6457.5,5585.5,13897.5,12828.0,19511.5,17089.0,10837.5,12701.5,15791.0,12023.0,23754.5,6990.5,5052.0,3245.0,4249.0,3301.0,4329.0,3410.5,4801.5,5020.5,7224.0,11357.5,7747.0,12148.5,16042.0,15262.5,13051.5,18082.5,23548.5,12563.5,20089.0,7097.0,16286.0,21274.0,17165.5,15726.5,10687.0,12843.5,17740.5,25656.5,15432.0,17288.0
G_Gen5.jpeg_persistence.pkl,8654.5,5491.0,8790.5,5289.5,12696.0,7420.0,1914.5,15066.0,1960.0,8516.0,5561.5,1825.5,3721.0,3295.0,4218.0,0.0,5409.5,2788.0,4720.5,5206.5,4641.0,6308.5,6663.5,3696.0,2431.0,5815.0,3662.0,5015.5,2103.0,2610.0,13229.0,18686.0,20078.0,19543.5,35529.5,13615.0,23905.0,22131.5,11993.0,14672.5,35322.5,49179.0,24908.5,23465.0,25607.5,15086.5,20131.0,27899.5,20419.5,23353.5,5557.5,7999.0,3655.5,9504.0,4859.0,5202.0,6221.5,7135.5,6123.5,6736.0,14437.0,13964.0,21725.5,17819.0,10596.5,14227.5,16267.0,13754.0,24748.5,7231.0,6321.5,3273.0,4535.0,4434.5,4328.5,4010.0,6506.0,5915.0,7184.0,12895.5,8786.5,12637.0,17310.5,16543.5,14258.5,18245.5,24698.5,13413.5,20614.0,9218.0,17321.0,22024.5,17619.0,16445.0,10422.0,15302.0,19603.5,26902.5,17727.0,18534.0
G_Gen6.jpg_persistence.pkl,10805.0,8842.5,11741.0,7989.0,15723.5,10053.5,5289.5,11258.0,5673.5,11737.0,5100.5,4486.5,3796.0,5520.0,7379.5,5409.5,0.0,3980.0,5488.0,4544.5,6830.5,7594.0,7749.0,5159.0,5384.0,6174.5,4149.5,4835.0,5310.5,5413.5,15485.5,17344.5,22207.5,19028.0,36954.5,13310.0,23876.0,24238.5,12916.0,15738.5,36391.0,50267.5,25885.0,24961.0,27366.0,13597.5,21263.5,26666.0,22458.0,24856.5,5706.5,7193.5,5734.5,9832.0,6735.5,6928.0,7191.0,9412.0,7925.0,7623.0,15491.5,14218.5,23967.0,16588.0,9946.0,16150.5,17242.5,15902.0,26085.5,9454.5,9234.5,7389.5,7456.5,7144.0,6921.5,7384.5,9208.5,8307.5,6427.0,11089.5,10012.5,12675.0,18237.5,17987.5,15440.5,17911.5,24491.5,13446.0,21131.5,11449.5,18764.0,22508.5,18555.5,16656.0,9416.0,17868.0,21707.0,28499.0,20352.5,20735.5
G_Gen7.jpg_persistence.pkl,8379.5,7013.0,10149.0,5713.5,14414.0,7287.5,2950.5,13226.5,3059.5,9613.5,4452.0,2013.5,2795.5,3612.5,5898.0,2788.0,3980.0,0.0,3291.0,3954.5,5153.5,6081.5,5590.0,3718.5,2787.5,4163.5,2460.0,3301.5,2579.0,3184.5,14007.5,16582.0,20831.5,18066.0,35677.0,12134.5,23107.0,23009.0,11384.0,14268.5,34784.0,48765.0,24214.0,23264.0,25865.5,13157.5,19675.5,26173.5,20976.5,23129.0,4750.5,6296.5,3362.5,8352.0,4434.0,4819.0,5576.0,7255.0,5751.5,5906.5,13608.5,12792.0,22592.5,16110.5,8899.0,14632.0,15436.5,14423.0,24424.0,7492.0,7661.0,5291.0,5620.5,5610.5,5000.0,5636.5,7822.0,6754.0,5853.0,11283.5,8222.5,11198.5,16539.0,16349.0,13763.5,16777.5,23198.0,12074.0,19521.0,9884.0,16824.5,20927.5,16772.0,15414.5,8528.0,16494.5,20389.5,26886.0,19136.5,19180.5
G_Gen8.jpg_persistence.pkl,6753.0,6998.0,10236.5,5470.0,15026.0,5367.0,4093.5,12800.0,4229.5,8598.0,4489.0,3633.0,3905.0,3568.5,6624.0,4720.5,5488.0,3291.0,0.0,4723.0,5735.5,6006.5,3637.5,4390.5,3383.0,3490.0,3063.5,3895.0,4305.0,3659.0,13856.0,15402.5,20258.0,15826.0,35263.5,9978.5,22270.0,23232.0,10872.5,13109.5,33007.0,46766.5,21744.0,21476.0,24982.0,11413.0,17918.5,24089.5,19720.0,21407.5,4257.0,5257.0,3241.0,6513.5,4280.0,3895.5,4873.0,5816.5,4027.5,5794.0,11377.5,10734.5,22438.0,14011.0,7349.5,14168.5,13143.5,14052.0,22843.5,6635.0,8064.0,6233.5,6105.0,6354.0,5757.5,6419.0,8242.0,6755.5,6536.5,9997.5,6394.0,9621.5,14340.0,14444.0,11638.0,14539.0,20840.5,9888.5,16880.0,9714.0,14556.0,18742.5,14351.0,13858.5,7254.0,16349.0,20210.0,25482.5,19692.5,18623.0
G_Gen9.jpg_persistence.pkl,8312.0,6975.5,8585.0,5611.0,12733.0,8782.0,4504.0,11244.0,5250.0,9075.0,5647.0,4112.5,3412.5,3931.0,5681.0,5206.5,4544.5,3954.5,4723.0,0.0,4289.5,4962.5,6253.5,4140.0,4541.5,5625.5,3822.5,5579.5,5084.0,4396.0,12170.5,15289.0,18661.5,16004.5,33544.5,10335.0,21003.0,20953.0,9450.0,12367.5,32880.5,46719.5,22543.5,21616.0,24152.0,11237.0,17741.5,24206.0,18930.0,21589.0,3715.0,4988.0,4212.5,6819.0,4428.5,4878.5,4107.5,6760.5,5699.5,4739.0,12249.5,11002.5,20533.5,14053.5,7296.5,12609.5,13830.0,12399.5,22602.0,6819.0,6238.5,6583.0,5237.5,4948.5,5759.5,5629.5,6519.5,5247.0,4373.5,8949.5,7017.5,9427.5,14634.5,14531.0,12001.0,15140.5,21287.5,10361.0,18176.5,8884.5,15237.5,19094.0,15361.0,13550.0,7459.5,14470.0,18378.5,25006.5,17175.5,17404.5
G_Goya1.jpg_persistence.pkl,7847.0,5292.5,6061.5,5166.5,9930.0,8589.5,3898.0,13361.5,4998.5,8024.0,6956.5,3976.5,4460.5,3561.0,4796.0,4641.0,6830.5,5153.5,5735.5,4289.5,0.0,3703.5,6599.0,3751.5,3856.0,7484.0,4868.0,6662.5,5114.0,3915.0,10697.5,15479.0,16701.0,16247.0,31755.5,10707.0,20059.0,18802.0,8722.0,11567.5,31949.5,45363.0,21710.0,20727.0,22965.5,12708.0,16837.5,24657.0,17772.0,20712.5,4204.0,6825.5,3866.5,6804.5,4046.0,4712.0,4357.0,6389.5,5190.0,3964.5,11810.0,10701.5,18451.0,14151.0,7638.5,10659.5,12704.5,10414.5,21231.0,5756.5,4251.0,4894.5,4024.5,3795.0,5270.0,3826.0,5439.0,4124.0,5377.0,9540.0,6304.0,8908.0,13288.0,12882.5,11003.0,15566.0,20680.0,10231.5,17820.0,8681.0,14062.5,18035.0,14710.0,12610.0,8515.0,12213.0,16241.5,23666.5,14664.0,15809.5
G_Goya10.jpg_persistence.pkl,7716.5,5467.5,6487.5,5848.5,10215.5,8374.5,5634.5,13234.0,6526.5,8132.0,8099.5,5302.5,5123.0,4628.0,5300.0,6308.5,7594.0,6081.5,6006.5,4962.5,3703.5,0.0,6630.5,4217.5,5213.0,7616.5,5799.0,7551.0,6701.0,5215.5,10162.0,15824.5,15933.5,16036.0,30792.5,10684.0,19055.0,18021.5,8237.0,10472.5,31690.5,44065.0,21029.5,20560.5,21982.5,12566.0,15917.0,24194.5,17396.0,19982.5,4235.0,6243.0,4528.0,6079.0,4625.5,4526.0,4417.5,6795.0,4273.5,3732.5,11667.0,9686.5,17649.0,13510.0,7700.0,9900.0,12318.5,9892.5,20461.0,4783.5,4685.0,5804.0,3848.0,4310.0,6084.5,4610.5,5841.5,4686.0,4930.0,9161.5,5179.0,9034.5,12746.0,12082.0,10288.5,15404.5,20173.5,10199.5,17352.0,7568.5,13729.5,17880.5,14344.0,12160.0,8056.5,12016.5,15716.5,22854.0,14270.5,15170.5
G_Goya2.jpg_persistence.pkl,5258.5,7217.5,10446.0,5041.5,15179.5,5339.0,5896.5,13803.5,6170.5,8561.5,5915.5,5712.0,5834.0,4901.5,8010.0,6663.5,7749.0,5590.0,3637.5,6253.5,6599.0,6630.5,0.0,6063.5,4907.0,4257.0,5357.5,5468.5,5770.0,4979.5,13330.5,13769.0,19496.5,15096.5,34668.5,9199.0,22425.5,23057.5,10892.0,12403.5,31649.0,45417.5,20173.5,20277.0,24103.5,10464.0,17225.0,23309.0,18785.5,20522.5,5703.0,6090.5,4054.5,5618.5,4116.0,4239.5,4851.0,5775.5,4105.5,6776.5,8917.0,9540.0,21785.5,13301.5,6723.5,13550.5,11207.5,13592.0,21731.5,6151.5,8562.0,7799.5,6460.0,7568.0,7486.0,7115.5,9253.0,7115.5,7460.0,10337.5,5584.0,9479.5,12761.5,13130.0,10435.5,12502.5,19586.0,8799.5,14399.0,10215.5,12454.5,16361.5,12277.5,13473.0,6910.5,16154.0,19602.5,24340.0,19857.0,17791.5
G_Goya3.jpg_persistence.pkl,8267.5,5225.5,7824.5,5176.0,11817.5,7498.0,3408.0,13233.5,4414.0,8628.5,5901.0,3031.5,3401.5,3491.0,4091.0,3696.0,5159.0,3718.5,4390.5,4140.0,3751.5,4217.5,6063.5,0.0,3076.0,6345.5,3777.5,5820.0,4375.0,3279.0,11888.0,17212.5,18260.0,17258.5,33130.0,11719.5,20890.5,20000.0,10155.0,12607.0,33601.5,46786.5,23006.5,22085.5,24193.5,13144.0,17974.0,25703.0,19109.5,21859.0,3932.5,6114.0,3318.5,7463.5,4216.0,4097.5,5175.0,6617.0,5016.5,4732.0,13039.0,11838.5,19938.0,15234.5,9061.0,12392.5,14287.5,12141.5,22876.0,6097.0,5397.0,3918.0,3798.5,3554.5,4107.5,3485.5,5661.5,4487.5,5384.5,10334.5,6869.5,10694.5,14954.5,14599.0,12086.0,16740.0,22215.5,11350.0,18843.5,8208.5,15763.5,19878.0,16041.5,13877.5,8803.5,13783.0,17722.0,25208.0,16237.0,17198.5
G_Goya4.jpg_persistence.pkl,6817.0,5067.0,8552.0,4130.0,12827.0,6187.0,2366.0,14324.0,2643.0,7752.0,4938.0,2028.0,3390.5,2572.0,4584.5,2431.0,5384.0,2787.5,3383.0,4541.5,3856.0,5213.0,4907.0,3076.0,0.0,5235.0,2641.0,4483.5,2667.0,2133.0,12643.0,17344.5,19328.5,17847.5,34604.0,11851.5,22671.5,21684.0,10948.0,13170.5,33557.5,47440.0,22944.0,21741.5,24425.5,13557.0,18631.5,26232.0,19363.0,21971.0,4453.5,6786.0,2148.5,7867.5,3196.0,3675.0,4874.0,5671.5,4429.0,5407.5,12351.5,12214.0,21159.5,16061.0,9228.0,13191.5,14232.0,12982.0,23052.5,6053.0,6170.5,3709.0,4210.5,4196.0,3998.0,4089.5,6178.0,5370.5,6257.0,11623.0,6926.0,11102.5,15342.0,14938.0,12441.5,16476.5,22879.0,11578.0,18408.5,8700.0,15383.0,20131.5,15539.5,14849.0,8970.5,14793.0,19000.5,25478.5,17659.0,17706.0
G_Goya5.jpg_persistence.pkl,7554.5,9098.0,11962.5,6452.5,16624.5,6928.5,5559.0,13505.5,5305.0,10319.0,4885.5,5080.5,5219.0,5044.5,8534.5,5815.0,6174.5,4163.5,3490.0,5625.5,7484.0,7616.5,4257.0,6345.5,5235.0,0.0,4583.5,4197.5,4444.5,5185.0,15101.5,14221.0,21593.0,16903.5,36546.0,10915.0,23869.5,24502.0,11927.5,14451.0,34100.5,48031.0,23064.5,22634.0,26295.0,11445.5,19227.5,24974.5,20995.5,22648.0,5992.0,6404.0,4928.0,7447.5,5698.5,5242.0,5950.0,7528.5,5666.5,7369.5,11481.0,11578.5,23728.0,14967.5,7463.0,15493.0,14055.0,15460.0,24124.0,8120.5,9674.5,8261.0,7501.0,8228.0,7735.0,8257.5,9991.0,8354.5,7341.5,11123.5,7472.0,10649.5,15404.0,15787.5,12855.5,13736.0,21644.0,9730.5,17092.5,11041.5,15466.5,18903.0,15217.0,15353.5,7990.0,17878.5,21478.5,26741.0,21115.0,19952.5
G_Goya6.jpg_persistence.pkl,7682.0,6668.5,9914.0,5181.0,14237.5,6914.0,3230.5,12840.5,3116.0,9008.5,4480.0,2679.5,2268.5,3010.0,5736.5,3662.0,4149.5,2460.0,3063.5,3822.5,4868.0,5799.0,5357.5,3777.5,2641.0,4583.5,0.0,4098.5,3410.0,2921.0,13790.5,17050.0,20437.5,17391.5,35459.5,12004.0,23000.0,22865.5,11266.5,13899.0,34417.5,48277.5,23747.5,22658.5,25470.0,13190.0,19310.5,25716.0,20373.5,22618.0,4174.5,6290.0,2889.5,8197.5,4103.5,4531.5,5424.5,6608.5,5287.0,5638.0,13087.0,12592.0,22361.0,15807.5,9077.0,14223.0,14986.5,14057.0,23976.0,7039.5,7446.5,5356.5,5450.0,5472.0,5034.0,5575.5,7357.5,6399.0,6120.0,11186.5,7703.5,11061.5,16086.5,15847.0,13268.0,16766.5,23005.5,11808.5,19051.0,9456.0,16257.5,20612.0,16297.5,15077.5,8588.5,16149.0,20181.0,26435.0,18921.5,18824.5
G_Goya7.jpg_persistence.pkl,9286.5,8628.5,11925.5,7164.5,16195.5,8433.5,4465.0,12544.5,4685.0,11181.5,4372.0,4178.0,4605.5,4891.0,7726.0,5015.5,4835.0,3301.5,3895.0,5579.5,6662.5,7551.0,5468.5,5820.0,4483.5,4197.5,4098.5,0.0,3909.0,4520.5,15842.5,14809.5,22476.0,18235.5,37369.5,12294.5,24052.5,24903.0,12694.0,15463.0,35607.0,49475.0,24569.5,24205.0,27472.5,12536.5,20440.5,25958.0,22283.5,24097.5,5768.0,6885.0,4535.5,8374.5,5686.0,6309.5,6618.0,8443.5,6739.5,7154.5,13566.0,12759.0,24424.0,15516.0,8713.0,16250.0,15586.0,16125.0,25452.5,8967.0,9500.5,7148.5,7696.0,7353.5,6786.5,7479.5,9277.5,8497.0,7095.0,11013.0,8975.5,11536.5,16912.0,17194.0,14434.0,15504.5,22830.5,11491.5,18804.0,11649.0,17185.5,20453.0,16990.5,16072.5,8431.5,18262.5,22214.5,28078.0,20981.0,20865.0
G_Goya8.jpg_persistence.pkl,8165.5,6876.0,10192.0,5251.5,14153.5,7764.0,2647.0,14860.0,2406.0,9652.0,4322.5,2305.0,4090.5,3205.0,5675.0,2103.0,5310.5,2579.0,4305.0,5084.0,5114.0,6701.0,5770.0,4375.0,2667.0,4444.5,3410.0,3909.0,0.0,2578.5,14464.0,17490.5,21303.5,19389.5,36459.0,13114.5,24371.5,23295.5,12126.0,15134.5,35402.5,49461.0,24812.5,23699.0,26494.5,14222.0,20333.0,27668.5,21386.0,23883.0,5850.5,7688.0,3342.5,9021.0,4439.0,5478.0,6071.5,7364.5,6329.5,6438.5,13582.5,13538.5,22995.0,17375.0,9982.5,15100.0,15871.5,14848.0,25099.5,8069.0,7686.5,4939.0,5790.5,5541.0,4983.5,5448.5,7464.5,7131.5,6861.5,12786.5,8669.0,12213.5,17066.0,17005.5,14313.0,16970.0,24128.0,12268.5,19575.0,10133.5,17081.0,21155.0,17133.0,16587.0,10047.5,16702.5,20817.5,27581.5,19088.5,19678.5
G_Goya9.jpg_persistence.pkl,6713.0,5224.5,8378.5,3925.5,12705.0,6319.0,2244.5,14219.5,2146.5,7875.5,4611.0,2312.0,3333.0,1857.5,4335.5,2610.0,5413.5,3184.5,3659.0,4396.0,3915.0,5215.5,4979.5,3279.0,2133.0,5185.0,2921.0,4520.5,2578.5,0.0,12582.0,17232.5,19286.5,17843.0,34633.0,12065.5,22861.0,21594.0,10731.5,13317.5,33609.0,47601.5,23186.0,21743.0,24581.5,13509.0,18553.5,26438.0,19315.5,22052.5,4422.5,6861.0,2224.5,7998.0,3519.5,4321.0,4950.0,5856.5,4851.5,5341.5,12074.5,12471.0,21044.5,16290.5,9292.5,13112.0,14438.5,12886.5,23230.0,6226.5,5961.0,3970.0,4242.0,4242.5,4356.5,4099.0,5865.5,5351.0,6337.0,11712.0,6927.5,11141.0,15505.5,14959.0,12441.5,16420.5,23038.0,11544.0,18382.0,8260.0,15212.5,20126.0,15656.0,15164.5,9195.0,14810.0,18900.5,25588.5,17445.5,17705.5
G_Klimt1.jpg_persistence.pkl,11219.5,9871.0,8058.0,10112.0,9595.5,14494.5,13060.0,17591.0,14118.0,9608.0,16576.5,12908.0,12847.5,12320.0,11922.0,13229.0,15485.5,14007.5,13856.0,12170.5,10697.5,10162.0,13330.5,11888.0,12643.0,15101.5,13790.5,15842.5,14464.0,12582.0,0.0,15519.0,9277.0,15840.0,24688.0,11304.5,18924.0,16343.5,10610.5,7661.5,28114.5,39324.0,17855.5,17508.5,15637.5,14407.5,16819.5,21772.5,13943.0,16992.5,11668.0,11545.0,12276.0,10639.5,10790.5,10739.5,10449.5,12276.0,10598.5,12015.5,12408.5,10120.5,10596.5,10758.0,11303.5,6802.0,10790.5,7175.5,13763.0,8389.0,8767.0,12711.5,9210.5,11199.5,13831.0,11011.5,11950.0,9318.5,11845.5,12306.5,10150.0,11130.5,10385.5,9438.0,10310.0,17058.0,18540.5,14621.0,18035.5,12655.5,11639.0,17169.5,12213.0,12084.0,10779.5,8822.5,10767.5,16922.0,11595.0,8962.5
G_Klimt10.jpeg_persistence.pkl,14246.0,18357.5,15659.5,15535.5,18351.5,17264.0,17483.0,13256.0,18257.0,17576.5,16693.0,17444.5,16685.0,16545.0,18999.0,18686.0,17344.5,16582.0,15402.5,15289.0,15479.0,15824.5,13769.0,17212.5,17344.5,14221.0,17050.0,14809.5,17490.5,17232.5,15519.0,0.0,18536.5,8202.0,29840.5,8620.5,17759.5,21417.0,12508.0,10519.5,24848.5,37821.0,14052.5,16350.5,19905.0,10123.5,15647.0,15457.0,16560.5,16380.0,15330.5,12992.0,16467.0,11507.0,15257.0,15203.0,13729.0,16582.5,15212.0,15372.0,11471.0,8947.0,18841.5,8175.5,9895.5,15551.5,9722.5,15901.0,17171.0,15193.0,16400.5,19561.5,16784.5,17421.0,18730.5,18005.0,17809.0,15849.0,14680.0,11745.0,13363.5,10557.0,9946.5,13207.5,10425.0,7930.0,9942.5,12162.0,11851.0,19338.0,13583.5,7355.5,11582.5,11946.5,10148.5,17501.5,17625.5,18471.0,21058.5,17732.5
G_Klimt2.jpg_persistence.pkl,16598.0,15534.5,12209.5,16669.0,9658.0,19992.0,19752.5,23243.5,20872.0,14777.0,23260.5,19778.0,19631.0,18840.0,17663.5,20078.0,22207.5,20831.5,20258.0,18661.5,16701.0,15933.5,19496.5,18260.0,19328.5,21593.0,20437.5,22476.0,21303.5,19286.5,9277.0,18536.5,0.0,18010.5,19711.0,16481.0,17498.0,14141.0,13524.5,11835.0,25507.0,33736.5,18554.0,17461.0,14801.0,17400.0,18082.5,21987.5,12901.5,17483.5,17824.0,18003.0,18794.5,16112.0,17358.5,17025.5,16293.0,17902.0,16879.5,17338.5,16933.5,14441.0,4720.0,13671.0,15943.0,8009.0,13531.5,8498.0,10028.0,14070.5,14264.5,18569.0,15807.0,17073.0,19564.0,16967.5,16762.5,15178.0,17756.0,16505.0,15284.0,13835.0,10249.0,11417.0,13161.5,20584.5,17081.5,16197.0,21397.0,16755.5,14059.5,17472.5,14571.0,13587.0,16824.5,7708.0,8159.0,15741.5,9336.5,10507.0
G_Klimt3.jpg_persistence.pkl,14106.0,17947.5,16887.0,15928.0,19145.5,16068.5,18318.0,14393.0,18989.0,16656.5,18590.0,18227.5,16994.5,16976.5,18599.0,19543.5,19028.0,18066.0,15826.0,16004.5,16247.0,16036.0,15096.5,17258.5,17847.5,16903.5,17391.5,18235.5,19389.5,17843.0,15840.0,8202.0,18010.5,0.0,27049.5,7897.0,15419.0,19887.5,12446.0,9626.5,19799.0,32838.5,9726.5,11671.5,17301.0,9837.0,11558.5,10600.0,12400.5,11076.5,15029.0,13420.0,16918.5,12520.0,16173.5,15601.0,14345.0,15730.0,15073.0,16001.0,11102.5,9332.5,18524.5,9037.5,11337.5,16316.0,9051.5,16956.0,15272.5,15177.0,17515.5,19753.5,17047.5,17385.0,19173.5,18422.0,16929.5,16081.0,15598.0,12611.0,13196.0,11586.0,9727.5,12692.0,8912.5,10308.5,7912.5,13497.5,12833.5,18465.5,11954.0,8797.5,10003.5,13625.5,11255.0,18012.5,17802.0,15249.0,21882.5,16758.0
G_Klimt4.jpg_persistence.pkl,32877.5,31913.5,27817.0,32285.0,24945.0,35970.5,35036.5,34105.0,36193.5,31921.0,38122.0,34905.5,34514.5,34048.0,33489.0,35529.5,36954.5,35677.0,35263.5,33544.5,31755.5,30792.5,34668.5,33130.0,34604.0,36546.0,35459.5,37369.5,36459.0,34633.0,24688.0,29840.5,19711.0,27049.5,0.0,27824.5,19789.0,20599.5,27590.0,23436.0,28628.0,31228.0,27843.5,28596.0,28742.5,29908.5,25721.5,27399.0,25979.0,25254.0,32858.0,32189.5,33963.0,30681.0,32588.5,32151.5,31365.0,33980.5,32036.0,32285.0,32837.0,28476.5,19031.5,26794.0,31212.0,23584.5,28960.0,22906.0,23456.5,30000.5,29759.0,34405.5,31384.5,31726.5,34444.5,32594.0,31639.0,30503.5,31848.5,30255.5,30988.0,27800.0,24694.5,27440.0,27858.5,34138.0,24467.5,29484.5,36492.5,31249.0,30723.0,27240.0,30067.5,24544.5,30995.0,22248.5,18046.5,27019.5,20821.5,27877.5
G_Klimt5.jpg_persistence.pkl,9865.0,12457.5,12109.5,10186.0,15604.0,12541.0,12584.5,10860.0,13429.5,12118.0,12926.5,12385.5,11878.0,11286.0,13294.5,13615.0,13310.0,12134.5,9978.5,10335.0,10707.0,10684.0,9199.0,11719.5,11851.5,10915.0,12004.0,12294.5,13114.5,12065.5,11304.5,8620.5,16481.0,7897.0,27824.5,0.0,15322.5,18247.0,8253.5,6938.0,24634.0,38090.5,13978.0,14676.0,19236.0,7361.5,11354.5,15609.0,13903.0,14085.5,10252.5,7920.5,10997.0,6607.0,10001.5,9741.5,8551.5,11046.0,9663.5,10674.5,9617.5,5693.5,17171.5,7986.5,6838.0,12839.0,8875.0,13083.5,16501.0,9883.5,12164.5,14175.0,11320.0,12051.5,13561.5,12817.5,11936.0,10598.5,10169.0,8419.5,8546.0,7373.5,8630.5,11727.5,7904.0,9738.5,12224.0,9133.0,13492.0,13833.0,12217.5,11175.5,9896.5,10557.0,6377.5,14710.0,15852.5,18307.5,18571.5,15147.0
G_Klimt6.jpg_persistence.pkl,22198.0,21869.0,17958.5,21160.5,17216.5,24740.0,23191.0,20319.0,24369.0,22589.5,24857.0,22787.5,21959.0,22158.0,21838.5,23905.0,23876.0,23107.0,22270.0,21003.0,20059.0,19055.0,22425.5,20890.5,22671.5,23869.5,23000.0,24052.5,24371.5,22861.0,18924.0,17759.5,17498.0,15419.0,19789.0,15322.5,0.0,11798.5,14666.0,14875.5,26676.5,34124.0,21043.5,22384.5,25765.0,17296.5,13079.5,20787.5,19395.0,19927.0,20204.0,18651.5,22041.5,17688.5,21055.5,20656.5,19370.0,22897.0,20555.0,19496.5,22204.5,16352.0,17655.5,16574.5,18954.0,16113.0,19756.5,17169.5,22004.0,20013.0,19809.5,23019.0,20599.5,19985.0,22295.0,21392.0,20054.0,19617.0,19181.0,16145.0,19636.5,14579.5,15535.0,19753.5,17832.0,21973.5,15062.5,16671.5,25696.5,19984.0,22356.0,16772.0,21349.5,14954.0,18498.5,15328.5,13056.0,23927.0,19992.0,22855.0
G_Klimt7.jpg_persistence.pkl,21765.5,19403.5,14935.0,19852.0,13002.5,24621.0,21898.0,23890.0,23143.0,20672.5,25374.5,21786.0,21687.5,21268.0,19208.0,22131.5,24238.5,23009.0,23232.0,20953.0,18802.0,18021.5,23057.5,20000.0,21684.0,24502.0,22865.5,24903.0,23295.5,21594.0,16343.5,21417.0,14141.0,19887.5,20599.5,18247.0,11798.5,0.0,13935.5,16238.0,29453.0,36789.0,23804.5,23699.5,26196.5,18960.5,16376.5,25324.0,19132.0,22214.0,20368.0,20164.0,21259.0,19038.5,20098.5,20358.0,19214.0,22228.5,20305.5,18744.5,23027.0,18365.0,14912.5,19316.5,20482.5,14094.0,21416.0,13767.5,21941.0,18792.5,16926.5,20529.5,18335.0,18353.0,20812.0,18958.5,17812.5,17891.0,19018.5,18228.5,19279.5,16041.0,15876.0,19268.0,18828.5,25042.5,18411.0,17371.0,28270.5,15645.0,22793.5,19758.5,22913.0,16929.0,21055.0,10792.0,11498.5,24896.0,14822.0,22222.5
G_Klimt8.jpg_persistence.pkl,10889.5,11163.5,9304.0,9831.5,11401.5,13234.5,11186.5,13227.5,12240.5,12339.5,13490.0,10873.5,10648.0,10060.5,10028.0,11993.0,12916.0,11384.0,10872.5,9450.0,8722.0,8237.0,10892.0,10155.0,10948.0,11927.5,11266.5,12694.0,12126.0,10731.5,10610.5,12508.0,13524.5,12446.0,27590.0,8253.5,14666.0,13935.5,0.0,9457.5,27347.0,39806.0,18764.0,17986.0,21272.0,9408.5,11394.0,21200.0,15231.0,18339.0,9141.0,7947.0,10163.5,7231.0,9425.5,9164.0,7696.0,11310.5,9620.0,7821.0,12216.0,8008.5,15333.0,11605.0,8459.5,10135.0,12102.5,10138.0,18523.0,9637.0,9904.0,11694.0,9815.5,9773.5,10907.5,10523.5,9194.5,9276.5,8806.0,6920.5,8432.0,6107.0,9929.0,12171.0,9341.0,13618.0,15656.0,8184.0,17859.0,9052.5,13614.5,14423.5,13597.0,10988.0,9318.0,10698.5,13557.0,21367.0,14426.0,16175.0
G_Klimt9.jpg_persistence.pkl,10724.0,11831.0,10689.0,11023.5,12309.5,13801.5,13876.5,14465.5,14832.0,11069.5,16361.0,13702.0,13386.5,12591.0,13473.5,14672.5,15738.5,14268.5,13109.5,12367.5,11567.5,10472.5,12403.5,12607.0,13170.5,14451.0,13899.0,15463.0,15134.5,13317.5,7661.5,10519.5,11835.0,9626.5,23436.0,6938.0,14875.5,16238.0,9457.5,0.0,23397.0,35483.0,12386.0,12721.0,14191.0,10798.0,12374.0,15892.0,11106.0,11993.5,11583.5,10460.5,12390.0,9375.0,11240.5,10700.0,10247.5,12131.0,10046.5,12132.5,10806.0,7269.0,12244.5,7323.5,9988.5,8824.0,7983.5,9977.0,12777.0,8837.5,11372.5,14458.0,10900.0,12228.5,14651.5,12898.5,12586.0,10693.5,11842.0,11008.0,9329.0,9641.0,7496.0,9256.5,7288.5,13054.5,12945.0,12995.0,14594.5,13868.0,10236.5,11953.5,8913.5,10559.0,8906.5,11511.5,11452.0,14105.0,14806.5,10154.5
G_Mithila1.jpg_persistence.pkl,29187.0,32203.5,31349.0,31353.5,30098.0,31498.0,34413.0,32727.5,35131.0,29403.0,36501.0,34393.0,34230.5,32887.0,34130.0,35322.5,36391.0,34784.0,33007.0,32880.5,31949.5,31690.5,31649.0,33601.5,33557.5,34100.5,34417.5,35607.0,35402.5,33609.0,28114.5,24848.5,25507.0,19799.0,28628.0,24634.0,26676.5,29453.0,27347.0,23397.0,0.0,15864.5,14352.5,13823.0,18511.0,26216.0,21882.5,13412.0,16975.0,14361.5,32355.5,30886.5,32684.5,28579.0,31531.5,31202.0,30103.0,30090.0,30849.0,31985.0,26308.0,25040.5,24726.5,24016.5,28123.5,27178.0,22011.5,29517.5,19418.5,29908.5,32616.5,35009.0,32383.5,33062.5,34850.0,33803.5,31689.0,31435.0,32115.5,29859.0,28243.5,27416.5,22276.5,23402.0,23167.0,26030.0,18379.5,28634.5,25694.5,33052.5,21885.5,22303.5,20771.0,29317.5,28477.0,28638.5,28580.0,14797.5,32377.0,23625.0
G_Mithila10.jpg_persistence.pkl,42953.0,44906.5,43093.5,45197.5,39925.5,45039.0,48310.5,45393.5,49173.5,42451.0,50420.0,48141.0,47883.0,46797.0,46987.5,49179.0,50267.5,48765.0,46766.5,46719.5,45363.0,44065.0,45417.5,46786.5,47440.0,48031.0,48277.5,49475.0,49461.0,47601.5,39324.0,37821.0,33736.5,32838.5,31228.0,38090.5,34124.0,36789.0,39806.0,35483.0,15864.5,0.0,26947.0,26737.5,27353.0,38591.5,32687.5,25735.5,29574.0,26556.5,45631.0,44323.0,46393.0,41863.0,45359.0,44743.0,43856.5,43623.0,43770.0,45012.5,39946.5,37726.5,32536.0,35921.0,41475.0,37815.5,34948.5,40205.0,28086.0,42568.5,44962.5,48188.5,45344.5,45734.5,47838.0,46840.5,44298.0,44476.5,45305.0,41567.0,41354.5,40081.0,34166.5,34834.5,36008.5,39530.5,29402.0,40176.5,39127.5,44302.0,34935.5,34758.0,34115.0,40225.0,41812.5,37930.0,37220.0,24517.5,41551.5,33743.5
G_Mithila2.jpg_persistence.pkl,18071.0,21844.5,21355.0,20741.0,21916.5,19917.0,23964.5,21591.5,24656.0,18793.5,25266.0,23787.0,23566.5,22423.5,23948.0,24908.5,25885.0,24214.0,21744.0,22543.5,21710.0,21029.5,20173.5,23006.5,22944.0,23064.5,23747.5,24569.5,24812.5,23186.0,17855.5,14052.5,18554.0,9726.5,27843.5,13978.0,21043.5,23804.5,18764.0,12386.0,14352.5,26947.0,0.0,7915.0,12689.0,17301.5,17525.5,7756.5,11230.5,7289.0,21701.5,20047.0,22000.5,18116.0,21021.0,20563.5,20011.0,19377.5,19461.0,21957.0,14623.0,14198.5,18479.5,13214.5,17669.5,17985.0,10831.0,20445.0,13240.5,19029.0,22056.5,24844.0,21516.0,22688.5,24690.5,23416.0,22621.5,21088.5,21876.5,19959.0,17741.5,18102.0,12564.0,13893.5,13001.0,14990.5,9948.5,20001.5,14006.0,24166.0,11255.0,12370.0,9664.5,19101.0,17355.5,20651.0,20295.0,9683.5,24392.5,15299.5
G_Mithila3.jpg_persistence.pkl,17170.5,20143.0,20541.5,19330.0,21185.0,19508.0,22654.0,23094.0,23252.0,16746.5,24978.0,22649.5,22463.5,21024.0,22227.0,23465.0,24961.0,23264.0,21476.0,21616.0,20727.0,20560.5,20277.0,22085.5,21741.5,22634.0,22658.5,24205.0,23699.0,21743.0,17508.5,16350.5,17461.0,11671.5,28596.0,14676.0,22384.5,23699.5,17986.0,12721.0,13823.0,26737.5,7915.0,0.0,8785.5,17324.5,17910.0,11388.0,6900.0,6289.0,20709.0,19905.0,20845.0,18256.0,19985.0,19753.5,18913.0,18036.0,19177.0,21313.0,15264.5,15490.0,16978.5,15249.0,17690.0,17421.0,12092.0,19692.0,11540.0,18042.5,21222.0,23291.5,20278.0,21472.5,23678.0,22091.5,20975.5,20043.0,21401.0,20500.0,16967.5,18035.0,13411.5,13757.5,12689.0,16554.0,14205.0,20136.0,15667.0,22283.5,11659.5,14955.0,9978.5,20070.5,17694.5,19899.5,19672.0,7141.0,23521.0,12838.5
G_Mithila4.jpeg_persistence.pkl,20945.5,21353.5,20867.0,21918.0,20318.0,23703.5,25202.5,26119.0,26040.0,19056.5,28343.0,25011.5,24775.5,24007.5,24110.0,25607.5,27366.0,25865.5,24982.0,24152.0,22965.5,21982.5,24103.5,24193.5,24425.5,26295.0,25470.0,27472.5,26494.5,24581.5,15637.5,19905.0,14801.0,17301.0,28742.5,19236.0,25765.0,26196.5,21272.0,14191.0,18511.0,27353.0,12689.0,8785.5,0.0,22375.0,23074.0,16591.5,10450.0,10803.5,23109.0,22422.0,23998.0,21227.5,22653.0,22107.5,21922.0,21702.0,21753.0,23874.0,19751.0,18265.0,14051.0,16791.5,21276.5,16632.5,15258.0,19104.5,8886.0,19183.5,21940.0,25079.0,21587.5,23707.5,26105.0,23790.0,23848.5,21764.0,23898.0,23001.0,20203.0,21600.0,16594.0,15798.0,16318.5,21770.0,18521.0,24818.5,20380.0,24304.0,15273.0,18761.5,14100.5,21066.5,20304.5,19737.0,19168.5,6151.0,21649.0,9188.5
G_Mithila5.jpg_persistence.pkl,11073.5,14342.0,14324.5,11877.5,17112.0,13266.0,13847.5,12149.5,14697.0,14182.0,12964.5,13874.0,12829.0,12735.0,14414.5,15086.5,13597.5,13157.5,11413.0,11237.0,12708.0,12566.0,10464.0,13144.0,13557.0,11445.5,13190.0,12536.5,14222.0,13509.0,14407.5,10123.5,17400.0,9837.0,29908.5,7361.5,17296.5,18960.5,9408.5,10798.0,26216.0,38591.5,17301.5,17324.5,22375.0,0.0,13380.5,17629.5,15385.5,17502.0,10996.5,8682.5,12647.0,7924.5,11848.0,11719.5,9915.5,12482.5,11762.0,11883.0,10397.5,7317.0,19634.0,9424.0,7214.0,14957.0,10823.0,14848.0,19556.0,12186.5,14563.0,15586.5,13621.0,13660.0,14508.0,14667.5,12807.0,12562.0,10827.0,7993.0,9709.0,8790.0,10377.5,12727.5,8836.0,9759.0,13487.0,8460.5,14368.0,12872.0,13198.0,13429.0,11897.5,11685.5,7465.5,15373.0,16860.5,22093.5,20785.0,18027.5
