,G_Dey1.jpg_persistence.pkl,G_Dey10.jpeg_persistence.pkl,G_Dey2.jpg_persistence.pkl,G_Dey3.jpeg_persistence.pkl,G_Dey4.jpg_persistence.pkl,G_Dey5.jpg_persistence.pkl,G_Dey6.jpg_persistence.pkl,G_Dey7.jpeg_persistence.pkl,G_Dey8.jpg_persistence.pkl,G_Dey9.jpg_persistence.pkl,G_Gen1.jpg_persistence.pkl,G_Gen10.jpg_persistence.pkl,G_Gen2.jpg_persistence.pkl,G_Gen3.jpg_persistence.pkl,G_Gen4.png_persistence.pkl,G_Gen5.jpeg_persistence.pkl,G_Gen6.jpg_persistence.pkl,G_Gen7.jpg_persistence.pkl,G_Gen8.jpg_persistence.pkl,G_Gen9.jpg_persistence.pkl,G_Goya1.jpg_persistence.pkl,G_Goya10.jpg_persistence.pkl,G_Goya2.jpg_persistence.pkl,G_Goya3.jpg_persistence.pkl,G_Goya4.jpg_persistence.pkl,G_Goya5.jpg_persistence.pkl,G_Goya6.jpg_persistence.pkl,G_Goya7.jpg_persistence.pkl,G_Goya8.jpg_persistence.pkl,G_Goya9.jpg_persistence.pkl,G_Klimt1.jpg_persistence.pkl,G_Klimt10.jpeg_persistence.pkl,G_Klimt2.jpg_persistence.pkl,G_Klimt3.jpg_persistence.pkl,G_Klimt4.jpg_persistence.pkl,G_Klimt5.jpg_persistence.pkl,G_Klimt6.jpg_persistence.pkl,G_Klimt7.jpg_persistence.pkl,G_Klimt8.jpg_persistence.pkl,G_Klimt9.jpg_persistence.pkl,G_Mithila1.jpg_persistence.pkl,G_Mithila10.jpg_persistence.pkl,G_Mithila2.jpg_persistence.pkl,G_Mithila3.jpg_persistence.pkl,G_Mithila4.jpeg_persistence.pkl,G_Mithila5.jpg_persistence.pkl,G_Mithila6.jpg_persistence.pkl,G_Mithila7.jpeg_persistence.pkl,G_Mithila8.jpeg_persistence.pkl,G_Mithila9.jpg_persistence.pkl,G_Raja1.jpg_persistence.pkl,G_Raja10.jpg_persistence.pkl,G_Raja2.jpg_persistence.pkl,G_Raja3.jpg_persistence.pkl,G_Raja4.jpg_persistence.pkl,G_Raja5.jpeg_persistence.pkl,G_Raja6.jpg_persistence.pkl,G_Raja7.jpg_persistence.pkl,G_Raja8.jpg_persistence.pkl,G_Raja9.jpg_persistence.pkl,G_Ren1.jpg_persistence.pkl,G_Ren10.jpg_persistence.pkl,G_Ren2.jpg_persistence.pkl,G_Ren3.jpg_persistence.pkl,G_Ren4.jpg_persistence.pkl,G_Ren5.jpg_persistence.pkl,G_Ren6.jpg_persistence.pkl,G_Ren7.jpg_persistence.pkl,G_Ren8.jpg_persistence.pkl,G_Ren9.jpeg_persistence.pkl,G_Robert1.jpg_persistence.pkl,G_Robert10.jpg_persistence.pkl,G_Robert2.jpg_persistence.pkl,G_Robert3.jpg_persistence.pkl,G_Robert4.jpg_persistence.pkl,G_Robert5.jpg_persistence.pkl,G_Robert6.jpg_persistence.pkl,G_Robert7.jpg_persistence.pkl,G_Robert8.jpg_persistence.pkl,G_Robert9.jpg_persistence.pkl,G_Sid1.jpeg_persistence.pkl,G_Sid10.jpg_persistence.pkl,G_Sid2.jpeg_persistence.pkl,G_Sid3.jpg_persistence.pkl,G_Sid4.jpg_persistence.pkl,G_Sid5.jpeg_persistence.pkl,G_Sid6.jpeg_persistence.pkl,G_Sid7.jpg_persistence.pkl,G_Sid8.jpg_persistence.pkl,G_Sid9.jpg_persistence.pkl,G_Vin1.jpg_persistence.pkl,G_Vin10.jpg_persistence.pkl,G_Vin2.jpg_persistence.pkl,G_Vin3.jpg_persistence.pkl,G_Vin4.jpg_persistence.pkl,G_Vin5.jpg_persistence.pkl,G_Vin6.jpg_persistence.pkl,G_Vin7.jpg_persistence.pkl,G_Vin8.jpeg_persistence.pkl,G_Vin9.jpg_persistence.pkl
G_Dey1.jpg_persistence.pkl,0.0,3927.0,4850.0,3344.5,6459.0,3784.0,4967.5,12399.0,5292.5,2681.0,5580.0,3997.5,4774.5,4480.5,5667.5,5118.5,6836.5,5136.0,3682.0,5816.5,5104.0,4368.5,3154.5,4751.0,4318.5,5676.0,3900.0,4504.0,4558.5,4019.0,5098.0,8768.0,10129.0,14014.5,10848.5,6246.5,8911.5,10228.0,6387.5,5926.0,20407.5,18459.5,11184.0,16441.5,12119.5,13468.5,17142.5,12921.5,15286.5,5950.5,4620.0,5784.0,3747.0,5123.0,2877.0,3078.0,4304.5,3607.0,2993.0,5082.0,6652.5,4181.5,14855.0,9792.0,3725.0,6699.0,6230.0,5657.0,13385.0,3027.0,5583.5,5260.0,4508.0,6297.0,6101.0,5134.5,6005.5,5042.5,4984.0,6580.0,4576.0,6557.5,4815.0,4779.0,8103.5,5071.5,12135.0,4879.5,8718.0,4752.5,5153.5,7678.5,5473.0,6088.0,3604.5,7328.0,8215.0,9757.5,9053.0,7739.0
G_Dey10.jpeg_persistence.pkl,3927.0,0.0,3007.0,2604.0,4166.5,3319.0,3109.5,13601.0,3465.5,3488.0,5133.0,2363.0,3140.0,3424.0,2407.0,3663.5,5880.0,5212.5,3490.0,4990.5,3305.5,2415.0,3684.5,2294.0,2515.5,7887.5,3669.0,5406.5,3963.0,3042.5,4710.0,10205.0,8676.0,13274.0,8794.5,6618.0,7104.0,7289.5,5143.5,6077.5,18388.0,15859.5,10835.5,15474.0,11681.0,13059.0,14775.0,13193.0,13891.5,4710.0,3528.0,5495.0,2098.0,4237.0,2720.5,2096.0,4175.0,2598.5,1992.5,3942.0,8969.0,4670.5,12881.0,10569.0,5070.0,6021.0,7456.0,5006.5,13384.5,2516.0,3051.0,2308.5,2240.5,2941.5,3122.0,1976.0,2785.0,2313.5,2770.0,6301.5,4069.5,5675.5,4849.5,5235.5,8310.5,6067.0,10965.0,4013.5,10617.5,2166.5,7170.0,8223.0,7105.0,4761.0,4729.0,5374.5,7033.5,9478.5,6641.0,7900.5
G_Dey2.jpg_persistence.pkl,4850.0,3007.0,0.0,3483.5,2604.0,4703.0,4041.5,12914.5,4291.0,3784.5,6014.5,3203.0,3830.0,3668.0,3279.5,4646.0,6423.0,6587.5,4373.5,4742.0,3140.5,2609.0,4997.5,3012.0,3508.0,8715.0,4682.5,6522.5,4896.0,3692.0,3861.0,9039.5,6800.0,11781.5,7593.0,7019.0,6688.0,7332.5,4803.5,4990.5,17131.0,15702.0,8978.0,13172.5,9861.5,13032.0,14467.0,11899.5,12101.0,2720.5,3889.0,5446.0,3117.5,4316.5,3290.0,3298.5,4919.0,3769.5,3567.5,4104.0,9157.0,4549.5,10938.0,9219.5,5619.0,4313.0,6554.5,3521.5,11609.5,2707.0,1582.0,3076.0,1948.0,3669.0,3899.5,2426.5,3390.5,2117.0,3451.5,6374.5,4352.0,5044.0,4224.5,4817.0,7241.5,7676.0,9993.5,5301.5,10869.0,3404.5,7140.0,6994.0,6767.0,3910.0,4784.0,5411.0,4977.5,7398.0,4683.0,6666.0
G_Dey3.jpeg_persistence.pkl,3344.5,2604.0,3483.5,0.0,4839.0,3448.5,3154.5,12547.0,3594.0,3219.5,4551.5,2492.0,2747.0,2636.5,3795.0,3709.5,4996.0,4702.0,3060.5,4280.0,3030.5,2852.0,3097.5,2882.0,2919.0,6339.0,3262.0,4676.0,3230.0,2535.0,4663.5,9175.5,8808.5,12681.0,9047.0,5998.5,7148.0,8029.5,4920.0,5543.5,18602.5,16286.5,10358.0,15186.0,11432.0,12351.5,15109.0,12314.0,13785.0,4729.0,3073.5,4667.5,2276.0,3932.0,2033.0,2383.5,3379.0,2992.5,2839.0,3727.5,8372.0,4166.0,13199.0,9646.0,4027.0,5756.0,6894.0,4842.0,12856.0,2620.0,3901.0,3372.5,3039.5,4257.0,4156.5,3166.0,3935.5,3297.5,2975.5,5618.5,3770.5,5279.5,4547.5,5189.0,7718.5,5935.0,10714.5,4094.5,10256.0,3222.0,6712.0,7610.0,6604.5,4633.5,3712.5,6046.5,7055.5,9077.5,7449.0,7559.0
G_Dey4.jpg_persistence.pkl,6459.0,4166.5,2604.0,4839.0,0.0,5968.5,4735.0,12522.0,4975.5,5268.0,6861.5,4424.0,4833.0,4455.5,3835.0,5604.0,7229.5,7851.0,5410.5,5052.0,3473.5,3503.0,6308.5,3854.5,4527.0,9978.5,5934.5,7861.5,6134.0,4760.5,4562.5,9286.0,6411.5,11101.0,6046.0,6910.0,5564.0,6755.0,4746.5,5311.0,15421.5,14558.5,9048.0,12714.5,10025.0,12686.5,13311.5,11153.0,11265.0,3805.5,4550.5,6002.5,4067.0,4809.5,4748.0,4998.0,5494.5,4853.0,5213.5,4328.5,10040.5,5073.5,9665.0,9247.0,6300.5,4183.5,7231.0,4353.5,11586.5,4467.5,2587.5,3577.5,3104.0,3105.0,4470.5,3125.5,3354.0,2949.0,3676.0,6789.5,4983.5,4166.5,4422.5,5394.5,7425.0,7964.0,9274.0,5745.0,11839.5,4450.5,7786.5,7141.5,7098.0,3826.5,5991.0,5016.5,4164.5,7821.5,4107.0,7516.5
G_Dey5.jpg_persistence.pkl,3784.0,3319.0,4703.0,3448.5,5968.5,0.0,4263.0,13401.5,4519.5,3801.5,5318.5,2976.0,3613.0,3457.5,4308.0,4166.5,5839.0,4300.0,2686.5,5133.0,4218.0,4001.5,2908.5,3747.5,3310.0,6488.5,3109.5,4385.0,3882.5,3150.0,6586.5,9734.5,10255.0,13745.0,9964.0,6468.0,7618.5,8912.0,5485.5,6954.0,19155.0,16867.5,11729.5,16364.5,13156.0,13000.0,15552.5,13521.0,14673.5,5597.0,4172.5,5582.5,3096.5,4837.0,3129.0,2856.5,4471.0,2458.5,2681.0,4386.5,8118.0,5208.0,14324.5,10659.0,5114.0,7328.5,7584.5,6355.0,14214.5,3951.5,5069.0,4174.5,4024.0,4980.0,4782.5,4171.0,4703.0,4270.5,4555.0,6675.5,4299.0,5878.0,5302.5,5602.0,8880.5,5063.5,11723.0,3979.0,10002.0,3533.5,6822.5,8419.5,7006.0,6349.5,5382.5,7642.0,8606.5,10785.0,8785.0,9393.5
G_Dey6.jpg_persistence.pkl,4967.5,3109.5,4041.5,3154.5,4735.0,4263.0,0.0,14071.0,1337.5,5274.0,3259.5,2092.5,2390.5,2897.5,2386.0,1831.5,4674.0,4191.5,3277.5,4142.5,3220.0,3265.5,4797.5,2220.0,1479.5,7428.0,2946.0,4564.0,2472.0,2152.5,6720.0,11006.5,10135.0,13467.0,9803.5,7803.5,7660.5,7928.5,5487.0,7341.5,18870.5,16328.0,12083.0,16345.5,13119.0,13026.0,14977.5,13364.0,14887.5,4950.5,3463.5,6005.0,2181.5,5055.0,3524.5,3308.5,4863.5,3559.5,3402.0,4021.0,10462.0,6313.0,13806.0,11459.5,5472.0,7425.0,9165.0,6585.0,14593.5,4332.5,3724.5,2118.5,2870.0,3237.5,2789.0,2432.0,2854.5,2926.5,3266.5,6861.5,5544.0,6033.0,6538.0,7524.5,9661.5,7567.5,12555.5,4035.0,12517.5,2726.0,8882.0,9767.0,8785.5,6168.0,5484.5,7504.0,8254.0,10877.5,7463.0,9641.0
G_Dey7.jpeg_persistence.pkl,12399.0,13601.0,12914.5,12547.0,12522.0,13401.5,14071.0,0.0,14765.0,12146.0,14123.5,12939.5,12629.5,11797.0,14736.0,13478.0,13120.0,12420.0,12122.0,11429.5,11852.0,12631.0,11254.5,13220.0,13756.5,9630.5,12511.5,12111.5,13034.0,12648.0,12227.5,6875.5,12627.0,10003.0,12934.0,8655.5,12162.5,15475.5,11451.5,9669.0,17570.0,20769.5,10059.0,14369.0,13846.0,11760.0,17301.0,8501.5,13109.5,13025.5,11696.5,9507.0,13029.5,11337.5,11747.5,12829.5,10484.5,13639.5,13384.0,11512.5,9976.0,10334.5,16136.5,8777.5,10505.5,10595.0,9138.0,11989.0,13478.0,12836.0,13493.0,14083.0,13851.5,13367.0,14967.0,13650.5,13935.5,13198.0,12479.0,11153.0,11317.5,10704.0,10113.5,11084.0,9584.5,11345.0,12661.0,12804.5,9776.5,14188.5,10051.0,8754.5,9158.5,10830.0,10630.5,12349.0,11556.5,12556.5,13378.0,13193.0
G_Dey8.jpg_persistence.pkl,5292.5,3465.5,4291.0,3594.0,4975.5,4519.5,1337.5,14765.0,0.0,5612.0,3509.5,2310.5,2737.0,3417.0,2368.0,1912.5,4869.5,4335.0,3765.0,4546.5,3859.0,3684.5,5326.0,2721.5,1775.5,7831.5,3146.0,5063.5,2587.0,2655.5,7096.0,11767.0,10562.5,14036.5,10251.5,8517.5,8346.0,8398.0,6083.5,8026.0,19432.5,16829.5,12767.0,16974.5,13620.0,13733.0,15418.5,14100.0,15484.0,5404.0,4171.0,6736.0,2553.5,5677.5,3998.0,3580.0,5575.5,3807.0,3577.5,4564.0,11150.0,6875.5,14225.0,12162.0,6150.0,7927.0,9746.0,6975.5,15228.5,4659.0,3960.0,2239.0,3070.0,3454.0,2902.0,2695.0,3128.0,3205.5,3709.0,7507.5,5999.0,6462.5,7085.5,8083.0,10318.5,8192.5,13145.0,4722.0,13142.0,2825.5,9486.5,10397.0,9255.0,6763.0,6145.5,7900.0,8651.0,11328.5,7729.5,10163.0
G_Dey9.jpg_persistence.pkl,2681.0,3488.0,3784.5,3219.5,5268.0,3801.5,5274.0,12146.0,5612.0,0.0,6639.5,4021.5,4710.0,4119.0,5144.5,5585.5,6918.0,6232.5,3963.0,5539.0,4545.0,3803.5,3490.0,4388.0,4434.5,6733.0,4598.0,5814.0,5377.5,4307.5,3841.0,8510.5,8315.5,12773.5,9430.5,6216.0,7936.5,9110.0,5438.0,4474.0,18750.5,17175.5,9314.0,14446.5,10154.0,13235.5,15779.0,12154.5,13527.0,4430.0,4255.5,5217.0,3704.5,4578.5,2853.5,3259.5,4128.0,3280.5,3016.0,4910.0,6719.5,3481.0,13165.5,8851.5,4564.5,4979.5,5396.0,4196.5,11643.0,2193.5,4499.0,4762.0,3729.5,5582.5,5764.5,4450.0,5424.5,4244.0,4505.5,6264.0,3897.0,5782.5,4259.0,3706.5,6833.0,5825.5,10838.5,5141.5,8398.5,4550.5,5016.5,6708.0,5225.0,5370.5,3489.0,6276.5,6268.5,7760.0,7659.0,6234.0
G_Gen1.jpg_persistence.pkl,5580.0,5133.0,6014.5,4551.5,6861.5,5318.5,3259.5,14123.5,3509.5,6639.5,0.0,3566.0,3546.0,4027.5,4821.5,3301.5,4669.5,3966.0,3790.5,4462.5,4582.0,4909.0,5496.5,3998.5,3488.5,6762.5,3594.5,4285.5,3137.5,3231.0,8349.5,11528.0,11824.5,14198.0,11460.0,8573.0,8796.0,9770.0,6593.5,8670.5,20393.0,17975.0,13490.0,17765.5,14780.5,13313.5,16574.5,13778.0,16343.5,6835.5,4625.5,6794.0,3662.5,5996.0,4620.0,4953.0,5723.5,4866.0,4951.5,4909.5,10843.5,7435.5,15569.0,12293.5,5660.0,8957.0,10155.0,8124.5,15889.5,6113.5,5903.5,4444.5,5055.0,5480.5,5106.0,4698.5,5061.0,4980.0,4910.5,7620.5,6677.5,7062.5,7559.5,8818.5,10810.0,7840.5,13799.0,4796.5,13221.0,4537.5,9498.5,10752.5,9729.5,7733.0,6008.0,9227.5,10006.5,12504.0,9559.5,11262.5
G_Gen10.jpg_persistence.pkl,3997.5,2363.0,3203.0,2492.0,4424.0,2976.0,2092.5,12939.5,2310.5,4021.5,3566.0,0.0,1848.0,2231.5,2557.5,2112.5,4231.5,3702.5,2479.0,3583.5,2573.0,2439.5,3588.0,1873.0,1560.5,7004.5,2077.5,4147.5,2206.5,1648.0,5581.0,9916.5,9167.5,12499.5,8995.5,6616.5,6709.0,7536.5,4453.5,6170.5,18407.0,15960.5,11022.5,15501.5,12194.5,12145.5,14808.0,12408.5,13928.5,4338.0,2803.5,4816.5,1708.0,3891.5,2410.5,2150.5,3899.5,2742.5,2427.0,2992.5,9326.0,4922.5,13131.0,10180.5,4776.0,6283.0,7726.5,5292.5,13395.5,3118.0,3407.0,2311.0,2433.0,3301.0,3006.5,2310.0,2970.5,2590.5,2819.0,5672.0,4189.5,4921.0,5162.5,6163.0,8380.5,6478.5,11286.0,3465.0,11165.0,2132.5,7649.0,8375.5,7543.0,5103.0,4595.0,6627.0,7420.0,9861.0,7166.0,8566.0
G_Gen2.jpg_persistence.pkl,4774.5,3140.0,3830.0,2747.0,4833.0,3613.0,2390.5,12629.5,2737.0,4710.0,3546.0,1848.0,0.0,2176.0,3203.0,2581.0,3424.5,3836.0,2674.5,3016.0,2706.0,2885.0,3994.0,2305.0,2321.5,6557.0,2697.5,4426.0,2556.0,2039.0,5969.5,9933.0,9302.5,11855.0,8879.0,6608.5,6512.0,7562.0,4288.0,6446.0,18079.0,15708.0,10957.5,15235.5,12106.5,11799.5,14553.5,12027.0,13813.5,4762.5,2692.5,4721.5,2216.5,3993.0,2847.5,3182.0,3921.5,3493.5,3619.5,3299.5,9485.0,5199.5,13064.5,10214.5,4964.0,6436.0,8067.0,5687.5,13352.5,3880.0,3949.0,2869.0,3039.0,3781.5,3630.0,2898.5,3409.5,3243.5,2869.5,5593.5,4527.5,5069.0,5490.5,6450.0,8427.0,6599.5,11278.5,3662.0,11331.0,2981.0,7915.0,8587.5,7853.0,5406.5,4474.0,6913.0,7476.5,9924.5,7440.5,8700.5
G_Gen3.jpg_persistence.pkl,4480.5,3424.0,3668.0,2636.5,4455.5,3457.5,2897.5,11797.0,3417.0,4119.0,4027.5,2231.5,2176.0,0.0,3776.0,3191.5,3725.0,4132.5,2394.5,2593.5,2437.0,2772.5,3245.5,2661.5,2704.5,6164.0,2789.0,4384.5,2754.5,1779.5,5495.5,8754.5,8858.5,11393.5,8379.5,5729.0,5758.0,7470.5,3679.5,5500.0,17173.0,15100.5,10037.0,14463.5,11574.5,10967.0,13719.0,11264.0,12951.5,4359.0,2397.5,3816.5,2258.5,3499.0,2366.5,3458.0,3032.5,3295.5,3801.0,2710.5,8375.0,4392.0,12622.5,9170.5,4315.0,5922.0,6964.0,5150.5,12607.5,3802.0,3880.0,3211.0,3384.5,3946.5,4002.0,3112.0,3693.0,3182.5,3028.0,5100.0,3849.5,4295.0,4876.0,5656.0,7580.0,5775.5,10474.0,3427.0,10317.0,3413.5,6884.5,7536.5,6961.5,5151.0,4153.5,6577.0,7042.5,9387.0,7261.0,8186.0
G_Gen4.png_persistence.pkl,5667.5,2407.0,3279.5,3795.0,3835.0,4308.0,2386.0,14736.0,2368.0,5144.5,4821.5,2557.5,3203.0,3776.0,0.0,3107.5,5763.0,5842.0,4030.0,5045.0,3641.0,2729.5,5323.5,2105.5,2205.5,9151.5,4079.5,6251.0,4131.0,3317.5,6031.0,11711.5,8830.0,13389.5,8603.0,8117.0,6914.0,6231.5,4826.0,7170.5,17466.0,14619.5,11490.0,15445.5,11881.5,13051.0,13446.5,13734.5,13934.5,4606.5,3934.5,6064.5,2610.0,4661.5,4043.5,3329.0,5455.5,3693.0,3407.5,3917.0,10884.5,5832.0,12608.5,11431.0,6660.0,6792.5,9084.0,5783.5,14132.0,3871.5,2869.5,1541.5,2125.5,2183.5,1708.5,1725.5,1672.0,2472.0,3390.0,6648.5,4951.0,6249.0,6154.5,7073.5,9184.5,7764.5,11557.0,4288.0,12453.0,1838.0,9111.5,9588.0,8844.0,5884.0,6326.0,6275.0,7317.5,10112.5,6290.0,8970.0
G_Gen5.jpeg_persistence.pkl,5118.5,3663.5,4646.0,3709.5,5604.0,4166.5,1831.5,13478.0,1912.5,5585.5,3301.5,2112.5,2581.0,3191.5,3107.5,0.0,4266.0,3328.5,3483.0,3990.5,3650.0,3856.5,4639.0,2778.0,1712.0,6913.5,2694.0,4051.0,2094.0,2344.5,7243.5,10649.5,10755.5,13428.0,10481.5,7688.5,7949.0,8752.5,5651.0,7572.0,19560.0,17099.0,12573.5,16989.0,13801.5,12703.5,15728.5,12989.5,15409.5,5489.0,3786.5,5963.0,2871.5,5258.0,3548.5,3265.5,4861.5,3918.0,3437.0,4079.0,10319.0,6363.5,14566.5,11361.0,5054.0,7921.5,9034.5,7002.0,14936.0,4729.5,4527.0,2812.5,3557.0,4057.0,3479.0,3225.5,3741.0,3607.5,3969.5,6728.0,5721.5,6256.5,6600.5,7769.5,9828.5,7531.5,12912.0,4207.0,12405.5,2990.5,8847.5,9746.5,8971.0,6675.0,5095.0,8175.0,9010.5,11501.0,8336.0,10264.5
G_Gen6.jpg_persistence.pkl,6836.5,5880.0,6423.0,4996.0,7229.5,5839.0,4674.0,13120.0,4869.5,6918.0,4669.5,4231.5,3424.5,3725.0,5763.0,4266.0,0.0,4371.5,4458.5,3393.0,4630.0,5181.0,5460.5,4754.0,4778.5,7080.5,4086.5,5534.0,3859.5,3863.0,8161.5,10896.5,11222.5,12869.0,10674.5,7590.5,7840.0,9550.0,5780.0,7941.0,19496.0,17313.5,12606.0,16867.0,13939.0,12354.5,15905.0,12781.5,15429.0,7026.0,4340.0,5752.5,4661.5,5594.0,4826.5,5749.5,5242.5,5827.0,6206.5,4691.5,10595.0,6801.0,14960.0,11212.5,5892.0,8500.0,9463.5,7746.0,14976.0,6472.0,6499.0,5429.0,5847.5,6036.5,6064.5,5506.5,5778.0,5738.0,5167.5,6755.5,6180.0,6767.5,7205.0,8353.5,9772.0,7684.5,12925.0,5303.5,12496.5,5537.5,9133.0,9952.5,9429.0,7603.0,5768.5,8907.5,9524.0,11952.5,9729.5,10836.0
G_Gen7.jpg_persistence.pkl,5136.0,5212.5,6587.5,4702.0,7851.0,4300.0,4191.5,12420.0,4335.0,6232.5,3966.0,3702.5,3836.0,4132.5,5842.0,3328.5,4371.5,0.0,3547.0,4623.5,5228.0,5681.0,4038.5,4827.0,4059.5,4908.0,2876.0,2753.5,2658.5,3478.5,8745.0,9661.0,12315.5,13626.5,11933.5,7235.0,8942.5,10777.5,6685.0,8310.0,20803.0,18715.5,13152.5,17976.0,15052.5,12548.0,17286.0,12773.0,16352.0,7385.0,4850.0,6003.0,4403.5,6219.0,4434.5,4343.0,5203.5,4836.5,4505.0,5127.5,9156.0,6857.5,16304.0,11155.5,4300.0,9317.5,8997.5,8302.5,15805.0,6081.0,6826.0,5365.0,5807.5,6594.5,6163.5,5587.0,6198.5,5732.0,5632.5,7244.5,6298.5,7245.0,7122.0,8080.5,10182.0,6759.0,13522.5,4733.0,11649.0,5126.5,8265.0,9817.0,8882.5,8042.0,5272.0,9791.5,10602.5,12787.0,10614.0,11515.0
G_Gen8.jpg_persistence.pkl,3682.0,3490.0,4373.5,3060.5,5410.5,2686.5,3277.5,12122.0,3765.0,3963.0,3790.5,2479.0,2674.5,2394.5,4030.0,3483.0,4458.5,3547.0,0.0,3712.5,3349.5,3409.0,2847.0,2999.0,2856.0,5760.0,2359.0,3729.0,3004.0,2210.5,6304.0,9039.0,9706.5,12470.5,9388.0,5948.0,6687.0,8248.0,4579.0,6503.5,18290.0,16072.5,11138.5,15573.5,12530.0,11407.5,14666.5,12153.0,13981.5,5250.5,2972.5,4421.0,2371.5,3919.5,2585.5,3088.5,3329.0,2777.0,3071.5,3320.5,8163.0,4944.5,13638.0,9726.0,4457.5,6782.0,7401.5,5940.5,13527.5,4058.0,4637.0,3689.0,3761.5,4522.0,4377.0,3631.0,4249.0,3667.0,3717.0,5570.5,3962.0,4997.0,4992.0,5958.5,8286.0,5183.5,11167.5,3054.0,10149.0,3497.5,6809.5,8055.5,6894.5,5850.5,4555.0,7296.0,7991.0,10288.0,8150.0,9044.5
G_Gen9.jpg_persistence.pkl,5816.5,4990.5,4742.0,4280.0,5052.0,5133.0,4142.5,11429.5,4546.5,5539.0,4462.5,3583.5,3016.0,2593.5,5045.0,3990.5,3393.0,4623.5,3712.5,0.0,3266.5,3807.5,4483.0,3786.5,4100.5,6659.0,3630.0,5258.5,3816.0,3144.0,6208.0,8941.5,9224.0,11151.5,8823.5,5890.0,6065.5,7980.0,3960.0,5790.0,17491.5,15677.0,10455.5,14778.5,11949.0,10835.5,14218.5,10958.5,13316.0,5215.0,3136.0,4072.5,3805.5,4102.0,3733.5,4893.0,3637.0,4798.5,5284.5,3234.0,8762.5,5005.0,12935.0,9324.0,4712.0,6393.0,7516.0,5856.5,12966.0,5315.0,4807.5,4561.0,4682.0,4781.0,5327.5,4273.5,4709.0,4199.0,3998.5,5255.5,4554.5,4763.0,5251.0,6294.5,7808.0,6398.5,10885.5,4371.0,10803.0,4885.0,7272.5,7993.0,7351.0,5738.5,4479.5,7144.5,7419.0,9923.5,7600.5,8896.5
G_Goya1.jpg_persistence.pkl,5104.0,3305.5,3140.5,3030.5,3473.5,4218.0,3220.0,11852.0,3859.0,4545.0,4582.0,2573.0,2706.0,2437.0,3641.0,3650.0,4630.0,5228.0,3349.5,3266.5,0.0,2298.0,4239.0,2509.5,2923.0,7629.5,3602.0,5332.0,3670.0,2561.0,4719.5,8717.5,7623.5,11039.0,7545.5,5636.0,5448.5,6458.0,3574.0,4931.5,16762.0,14810.5,9486.5,13773.5,10676.0,11214.0,13593.5,11125.0,12339.5,4121.5,2416.0,4196.5,2459.0,3255.0,2919.5,3489.0,3457.0,3585.5,3889.0,2458.0,8819.5,4313.5,11556.0,8874.0,4435.0,4864.0,6793.5,4407.0,11851.5,3931.5,3122.0,2956.5,3163.5,3062.0,3909.0,2704.5,3016.5,2415.5,2621.0,5141.5,3635.5,3911.5,3984.0,5073.5,7047.0,6056.0,9900.5,3465.0,10773.5,3444.5,6843.5,7045.5,6574.5,3943.5,4387.0,5349.5,5912.5,8501.5,5846.5,7602.5
G_Goya10.jpg_persistence.pkl,4368.5,2415.0,2609.0,2852.0,3503.0,4001.5,3265.5,12631.0,3684.5,3803.5,4909.0,2439.5,2885.0,2772.5,2729.5,3856.5,5181.0,5681.0,3409.0,3807.5,2298.0,0.0,4054.5,2177.0,2740.5,7976.0,3844.5,5636.0,4029.0,2841.0,4476.5,9568.0,7576.5,11691.5,7565.5,6169.0,5802.5,6429.5,3787.0,5137.5,17041.0,14855.0,9646.0,14129.0,10599.5,11747.5,13686.5,11598.0,12679.5,4099.5,2774.0,4517.0,2068.5,3106.0,2606.0,2828.0,3621.0,3167.5,2977.0,2713.0,8872.5,3974.0,11665.0,9298.0,4699.0,4986.0,7009.0,4171.5,12143.0,2890.5,2728.5,2432.5,2386.5,2767.5,3395.0,2112.0,2522.0,2130.0,2429.5,5241.5,3533.5,4614.5,4170.5,5187.0,7112.0,6072.5,10088.0,3461.5,10511.0,2688.5,7010.0,7558.5,6715.5,4083.5,4381.0,4960.5,5980.5,8645.0,5711.5,7529.5
G_Goya2.jpg_persistence.pkl,3154.5,3684.5,4997.5,3097.5,6308.5,2908.5,4797.5,11254.5,5326.0,3490.0,5496.5,3588.0,3994.0,3245.5,5323.5,4639.0,5460.5,4038.5,2847.0,4483.0,4239.0,4054.5,0.0,4265.5,4067.5,4896.5,3283.0,3595.5,3940.5,3328.5,6033.5,7653.5,9972.5,12659.0,9814.5,4799.5,7416.0,9218.0,5139.5,5773.5,18988.0,17071.5,10565.0,15713.5,12329.5,11739.0,15671.0,11813.5,14118.0,5705.5,3797.5,4232.5,3399.5,4269.5,2509.5,2988.0,3320.0,3282.5,3109.5,3982.5,6300.0,4103.5,14143.0,8877.0,3428.5,6821.5,5999.5,5916.5,13133.5,3857.5,5444.5,4893.5,4666.5,5719.5,5667.0,4687.5,5410.5,4607.0,4554.0,5545.5,3888.5,5538.5,4444.0,4993.0,7513.5,4196.0,11131.0,4142.0,8393.0,4501.5,5164.5,6934.0,5740.0,5850.5,3930.5,7335.5,8209.5,10051.5,9010.5,8692.5
G_Goya3.jpg_persistence.pkl,4751.0,2294.0,3012.0,2882.0,3854.5,3747.5,2220.0,13220.0,2721.5,4388.0,3998.5,1873.0,2305.0,2661.5,2105.5,2778.0,4754.0,4827.0,2999.0,3786.5,2509.5,2177.0,4265.5,0.0,1831.5,7768.0,3097.0,5127.0,3422.0,2287.0,5482.0,10287.0,8587.5,12470.0,8507.0,6824.5,6450.5,6745.0,4377.5,6257.5,17681.0,15219.0,10825.0,14981.5,11736.0,12285.5,14027.5,12547.0,13527.5,4158.5,2881.5,4979.5,1928.0,3967.0,2896.0,2730.5,4262.5,2960.5,2963.0,3128.5,9726.5,4990.5,12534.5,10297.5,5223.0,6126.5,8001.5,5217.0,13342.0,3297.0,2837.0,1829.5,2123.5,2614.5,2597.5,1736.5,2253.5,1987.5,2455.0,5820.5,4296.5,5201.0,5251.0,6207.5,8414.5,6844.5,11097.5,3528.0,11501.5,2198.5,8009.0,8607.5,7806.0,4920.0,4851.5,6133.5,6983.0,9643.5,6368.0,8445.0
G_Goya4.jpg_persistence.pkl,4318.5,2515.5,3508.0,2919.0,4527.0,3310.0,1479.5,13756.5,1775.5,4434.5,3488.5,1560.5,2321.5,2704.5,2205.5,1712.0,4778.5,4059.5,2856.0,4100.5,2923.0,2740.5,4067.5,1831.5,0.0,7372.0,2492.5,4432.0,2523.0,1992.0,6128.5,10555.0,9674.0,13183.0,9423.5,7246.0,7178.0,7657.0,5064.5,6780.0,18648.0,16108.5,11609.5,15993.0,12677.0,12813.5,14816.5,13053.0,14466.0,4466.5,3174.5,5594.5,1881.0,4522.5,2860.5,2474.5,4459.5,2913.5,2525.0,3560.5,9906.0,5651.0,13456.0,10945.0,5280.0,6888.0,8452.0,5982.0,14026.0,3614.0,3392.0,1939.5,2413.5,3084.0,2636.0,2174.5,2723.0,2561.5,3090.5,6420.5,4823.0,5595.0,5865.0,6804.0,9074.0,6958.5,12047.0,3634.0,11768.5,2121.5,8247.0,9119.5,8166.5,5681.0,5198.0,7017.0,7853.0,10377.5,7252.0,9148.5
G_Goya5.jpg_persistence.pkl,5676.0,7887.5,8715.0,6339.0,9978.5,6488.5,7428.0,9630.5,7831.5,6733.0,6762.5,7004.5,6557.0,6164.0,9151.5,6913.5,7080.5,4908.0,5760.0,6659.0,7629.5,7976.0,4896.5,7768.0,7372.0,0.0,5918.5,4131.5,5938.5,6322.0,9711.5,7499.0,13207.0,12656.5,12870.5,6609.0,10300.0,12927.0,8062.0,8766.5,20297.5,19514.0,12024.0,17226.5,14780.0,12170.5,17581.5,11406.5,15647.0,8856.0,6682.5,6027.5,7062.5,7699.0,6150.0,6774.5,6238.5,6787.5,7036.0,7464.0,6993.0,7137.0,17144.5,10059.0,5248.5,10224.5,8097.0,9389.0,15244.0,7559.0,9353.5,8479.0,8315.5,9687.5,9472.0,8582.5,9317.0,8515.0,8001.5,8140.5,7171.0,8667.5,7975.5,8230.0,9681.5,6428.0,13425.5,7310.0,9164.0,8368.5,7228.5,9016.0,8275.0,9663.5,6095.0,11158.0,11563.5,13016.5,12750.0,11717.5
G_Goya6.jpg_persistence.pkl,3900.0,3669.0,4682.5,3262.0,5934.5,3109.5,2946.0,12511.5,3146.0,4598.0,3594.5,2077.5,2697.5,2789.0,4079.5,2694.0,4086.5,2876.0,2359.0,3630.0,3602.0,3844.5,3283.0,3097.0,2492.5,5918.5,0.0,3283.5,2286.5,2087.0,6910.5,9606.0,10461.5,13177.5,10226.5,6594.5,7639.0,8962.5,5263.0,6885.0,19483.5,17207.5,11849.5,16590.0,13416.0,12111.0,15938.5,12701.5,14906.0,5507.0,3459.5,5062.5,2737.5,4745.0,2808.0,2854.0,4143.5,3153.0,2967.0,3524.5,8855.0,5428.0,14522.5,10371.5,4283.0,7512.0,7958.5,6491.5,14344.5,4317.5,4949.0,3685.0,3937.0,4777.5,4401.0,3831.5,4495.5,4026.5,4079.5,6035.5,4692.5,5568.0,5567.5,6735.5,8877.5,6177.5,12237.0,3514.5,10960.5,3423.5,7412.5,8668.0,7660.0,6310.0,4713.0,7906.5,8758.5,11073.0,8712.0,9774.0
G_Goya7.jpg_persistence.pkl,4504.0,5406.5,6522.5,4676.0,7861.5,4385.0,4564.0,12111.5,5063.5,5814.0,4285.5,4147.5,4426.0,4384.5,6251.0,4051.0,5534.0,2753.5,3729.0,5258.5,5332.0,5636.0,3595.5,5127.0,4432.0,4131.5,3283.5,0.0,3281.5,3652.0,8518.0,9274.5,12133.5,13995.0,11866.0,7056.5,9293.5,10900.0,6766.5,8134.0,21037.0,19022.5,12892.0,17977.5,14829.0,12723.5,17642.5,12733.0,16309.0,7282.0,5066.5,6181.5,4481.0,6263.0,4228.0,4409.0,5281.0,4541.5,4560.5,5187.5,8025.0,6596.0,16198.0,10892.0,4031.0,9101.5,8541.0,8085.5,15588.0,5899.5,6927.0,5684.0,5908.0,6884.5,6593.5,5809.5,6531.5,5925.5,5872.0,7273.5,6084.0,7170.5,6847.5,7922.5,9936.5,6323.0,13604.0,4894.5,10973.5,5539.0,7678.5,9440.5,8562.5,7895.5,5260.0,9620.0,10405.5,12524.0,10657.5,11270.5
G_Goya8.jpg_persistence.pkl,4558.5,3963.0,4896.0,3230.0,6134.0,3882.5,2472.0,13034.0,2587.0,5377.5,3137.5,2206.5,2556.0,2754.5,4131.0,2094.0,3859.5,2658.5,3004.0,3816.0,3670.0,4029.0,3940.5,3422.0,2523.0,5938.5,2286.5,3281.5,0.0,1942.0,7168.0,9963.5,10755.0,12985.5,10292.5,7096.0,7691.0,9070.0,5374.5,7097.0,19473.0,17229.0,11929.5,16612.0,13535.0,12217.0,15886.5,12566.5,15014.5,5724.0,3749.0,5396.5,2872.0,5011.0,3199.0,3331.0,4432.5,3981.5,3680.0,3761.0,9516.5,6030.0,14605.5,10647.0,4582.0,7780.0,8456.5,6814.0,14490.5,4721.0,5112.0,3715.5,4073.0,4900.0,4477.0,3925.0,4463.5,4303.5,4183.0,6373.0,5450.5,5998.5,6308.0,7482.5,9166.5,6882.5,12539.0,3897.5,11680.5,3459.0,8113.0,9211.5,8491.0,6601.0,4926.0,8276.5,8954.5,11257.0,8887.5,10021.0
G_Goya9.jpg_persistence.pkl,4019.0,3042.5,3692.0,2535.0,4760.5,3150.0,2152.5,12648.0,2655.5,4307.5,3231.0,1648.0,2039.0,1779.5,3317.5,2344.5,3863.0,3478.5,2210.5,3144.0,2561.0,2841.0,3328.5,2287.0,1992.0,6322.0,2087.0,3652.0,1942.0,0.0,6004.5,9533.5,9484.0,12307.0,9085.0,6362.0,6536.5,7808.5,4252.5,6123.0,18237.5,15948.5,10926.0,15429.5,12372.0,11757.5,14654.5,12084.0,13890.5,4509.5,2734.0,4638.5,1894.5,3985.0,2233.5,2830.5,3620.0,3005.5,3088.5,2806.5,8954.5,4918.5,13307.0,10010.0,4410.5,6585.5,7553.0,5670.5,13413.5,3686.5,3878.0,2823.5,3044.0,3810.0,3577.0,2813.0,3481.5,3003.5,3175.0,5626.5,4334.5,4891.5,5180.0,6263.0,8271.0,6218.0,11404.0,3196.0,10978.0,2783.5,7307.5,8231.5,7403.5,5496.0,4421.0,7049.5,7692.5,10081.5,7542.5,8863.0
G_Klimt1.jpg_persistence.pkl,5098.0,4710.0,3861.0,4663.5,4562.5,6586.5,6720.0,12227.5,7096.0,3841.0,8349.5,5581.0,5969.5,5495.5,6031.0,7243.5,8161.5,8745.0,6304.0,6208.0,4719.5,4476.5,6033.5,5482.0,6128.5,9711.5,6910.5,8518.0,7168.0,6004.5,0.0,8836.0,7432.0,12188.5,8658.0,6604.5,7719.0,8809.0,5735.5,3786.0,17980.5,16773.5,8304.0,13507.0,8446.5,13321.5,15534.5,11872.0,12822.0,5063.0,5292.0,5829.5,5200.5,5247.5,4669.0,4964.0,5186.0,5862.0,5151.5,5619.5,7843.0,4066.5,12256.5,8414.5,6019.0,4175.5,5063.0,3555.0,10619.5,3248.5,4216.0,5673.0,4492.0,5746.0,6561.0,4962.5,5698.0,4733.0,5088.5,6863.0,4898.5,5953.5,4266.5,3747.0,6061.0,7381.5,10350.0,6854.0,8682.0,5557.0,5212.0,6573.5,5511.5,4652.0,4504.5,5662.5,5162.5,6290.5,6150.0,4281.0
G_Klimt10.jpeg_persistence.pkl,8768.0,10205.0,9039.5,9175.5,9286.0,9734.5,11006.5,6875.5,11767.0,8510.5,11528.0,9916.5,9933.0,8754.5,11711.5,10649.5,10896.5,9661.0,9039.0,8941.5,8717.5,9568.0,7653.5,10287.0,10555.0,7499.0,9606.0,9274.5,9963.5,9533.5,8836.0,0.0,8785.0,9041.5,10207.0,5650.5,9975.5,12958.0,8842.0,6375.5,17010.0,18816.0,6805.0,11474.0,10301.0,11569.0,16682.0,8121.0,11106.0,8664.0,8820.0,6862.5,9804.5,8558.5,8469.0,9321.0,7616.5,9964.5,9682.5,8801.0,7361.0,7102.5,12269.0,5639.5,7244.0,6930.5,5333.5,8043.5,9652.5,9369.5,9586.5,10860.0,10448.5,10793.5,11886.5,10488.5,10960.5,9723.5,9829.5,8734.5,8044.5,8118.5,6759.5,6800.5,6565.0,8076.0,9742.5,9785.5,7497.5,11078.5,6568.5,4291.5,5601.0,7659.5,7647.0,9885.5,7969.5,7939.5,8832.5,9372.0
G_Klimt2.jpg_persistence.pkl,10129.0,8676.0,6800.0,8808.5,6411.5,10255.0,10135.0,12627.0,10562.5,8315.5,11824.5,9167.5,9302.5,8858.5,8830.0,10755.5,11222.5,12315.5,9706.5,9224.0,7623.5,7576.5,9972.5,8587.5,9674.0,13207.0,10461.5,12133.5,10755.0,9484.0,7432.0,8785.0,0.0,6920.0,4554.0,7919.5,6230.5,7246.0,6732.0,5926.5,12354.0,13390.0,6526.5,8141.0,6841.5,10663.5,12475.5,7509.0,7437.0,7012.5,8258.5,8023.5,8700.5,6908.0,8649.5,9304.5,8212.0,9531.5,9581.0,8094.5,11622.5,7126.5,6183.5,5773.5,9832.0,4325.5,7890.0,6167.5,7242.5,8310.0,7123.5,8734.5,7971.5,7315.5,9596.5,8132.0,8153.0,7851.5,7897.0,7514.0,7142.0,6097.5,6495.0,6964.0,5527.0,10019.0,5531.0,8733.5,11890.5,8960.5,9353.0,6384.0,6950.5,5666.5,9033.0,4651.0,4129.5,5510.5,4747.5,8348.0
G_Klimt3.jpg_persistence.pkl,14014.5,13274.0,11781.5,12681.0,11101.0,13745.0,13467.0,10003.0,14036.5,12773.5,14198.0,12499.5,11855.0,11393.5,13389.5,13428.0,12869.0,13626.5,12470.5,11151.5,11039.0,11691.5,12659.0,12470.0,13183.0,12656.5,13177.5,13995.0,12985.5,12307.0,12188.5,9041.5,6920.0,0.0,7446.0,9374.0,8677.0,11107.0,9570.5,9660.5,9524.5,12872.0,7528.5,7489.0,8565.5,7643.0,11143.5,5404.0,5762.5,11700.5,11166.5,9304.5,12700.5,10284.0,12160.5,13242.5,10648.0,13687.5,13958.5,11058.5,14000.0,10768.0,7952.0,6798.0,12508.0,9093.0,10890.5,11122.5,7425.0,12871.5,12297.0,12971.5,12922.0,11761.0,13822.0,12598.0,12490.0,12301.5,11668.0,9529.0,10787.0,9303.5,10415.5,11315.0,7720.5,12403.0,5430.0,11925.5,12337.5,13325.0,12699.0,9240.0,9935.0,9793.5,11923.5,9049.5,9193.5,10102.5,10349.5,13257.5
G_Klimt4.jpg_persistence.pkl,10848.5,8794.5,7593.0,9047.0,6046.0,9964.0,9803.5,12934.0,10251.5,9430.5,11460.0,8995.5,8879.0,8379.5,8603.0,10481.5,10674.5,11933.5,9388.0,8823.5,7545.5,7565.5,9814.5,8507.0,9423.5,12870.5,10226.5,11866.0,10292.5,9085.0,8658.0,10207.0,4554.0,7446.0,0.0,7675.5,4469.5,6249.5,6530.0,7649.5,11203.0,11311.0,8659.5,10048.5,9151.5,9716.0,10770.5,8211.5,8261.0,8524.5,8080.5,7809.5,8623.5,6935.0,8841.0,9637.0,8216.0,9548.0,9956.5,7866.0,12666.0,8057.5,5972.5,7794.5,10260.5,6281.5,9670.5,8321.0,9599.5,9072.5,7825.0,8583.0,8284.5,6984.5,9342.0,8058.0,7789.5,8141.5,7929.5,7074.5,7261.5,5419.5,7231.0,8704.5,6695.0,9781.5,5062.0,8480.5,12706.0,8942.0,10707.0,8084.5,8392.0,6107.5,9989.0,4831.0,4989.0,8418.5,6644.0,10559.0
G_Klimt5.jpg_persistence.pkl,6246.5,6618.0,7019.0,5998.5,6910.0,6468.0,7803.5,8655.5,8517.5,6216.0,8573.0,6616.5,6608.5,5729.0,8117.0,7688.5,7590.5,7235.0,5948.0,5890.0,5636.0,6169.0,4799.5,6824.5,7246.0,6609.0,6594.5,7056.5,7096.0,6362.0,6604.5,5650.5,7919.5,9374.0,7675.5,0.0,6614.5,8784.5,5411.5,4706.5,16266.5,15731.0,7946.0,12772.5,9776.5,9719.5,14222.5,8743.0,11283.5,7533.0,5386.0,3919.0,6522.0,5079.5,5375.0,6065.0,4486.0,6640.0,6551.5,5374.5,6605.0,4492.5,11764.0,5811.0,4840.0,5756.0,5135.0,6639.5,10231.5,6614.5,7454.5,7596.5,7550.0,7247.0,8365.5,7249.0,7417.0,6854.5,6444.0,5029.5,4582.0,5142.5,4178.0,4937.0,5165.5,4998.0,8472.0,6328.0,7716.0,7552.5,5259.0,4752.0,4306.0,5375.0,5531.0,6331.5,7080.5,8045.0,8046.5,8627.5
G_Klimt6.jpg_persistence.pkl,8911.5,7104.0,6688.0,7148.0,5564.0,7618.5,7660.5,12162.5,8346.0,7936.5,8796.0,6709.0,6512.0,5758.0,6914.0,7949.0,7840.0,8942.5,6687.0,6065.5,5448.5,5802.5,7416.0,6450.5,7178.0,10300.0,7639.0,9293.5,7691.0,6536.5,7719.0,9975.5,6230.5,8677.0,4469.5,6614.5,0.0,5720.0,4093.0,6786.0,12656.0,11856.5,9930.0,12234.5,11175.5,9459.5,10972.0,9285.0,10694.5,7343.5,5764.0,5588.0,6626.0,4639.5,6654.0,7506.0,5617.5,7603.5,7896.5,5285.0,10962.0,6284.5,9294.5,8627.0,8019.5,5889.5,8901.0,7108.0,11556.5,7564.5,6854.5,6922.5,7027.0,5395.5,7560.5,6571.5,6220.5,6528.0,6168.0,5342.0,5554.5,4267.5,5719.5,7465.0,6985.5,7338.0,6957.0,5830.5,12097.0,6866.5,9104.5,7999.0,8380.5,5523.0,7950.5,4445.0,5676.0,10107.0,7212.0,10239.5
G_Klimt7.jpg_persistence.pkl,10228.0,7289.5,7332.5,8029.5,6755.0,8912.0,7928.5,15475.5,8398.0,9110.0,9770.0,7536.5,7562.0,7470.5,6231.5,8752.5,9550.0,10777.5,8248.0,7980.0,6458.0,6429.5,9218.0,6745.0,7657.0,12927.0,8962.5,10900.0,9070.0,7808.5,8809.0,12958.0,7246.0,11107.0,6249.5,8784.5,5720.0,0.0,5686.5,8780.0,13224.5,9259.5,11563.5,14024.0,11508.0,9851.5,9039.0,12287.0,12244.0,8471.5,7011.5,7873.0,7106.5,6180.0,8073.0,8434.5,7649.0,8198.5,8558.0,6587.0,13305.5,8085.0,10516.0,10752.0,9820.0,8025.0,11013.0,8468.5,13210.0,8347.5,6898.5,6703.5,6952.0,5543.0,6525.0,6435.0,5778.0,6729.5,6754.5,6448.5,6747.0,7081.0,7734.0,9169.0,8792.5,9278.0,8958.5,6896.0,14261.0,6910.0,11197.5,10569.5,9860.5,7435.5,9655.0,5312.0,8225.0,10722.0,7844.0,11243.5
G_Klimt8.jpg_persistence.pkl,6387.5,5143.5,4803.5,4920.0,4746.5,5485.5,5487.0,11451.5,6083.5,5438.0,6593.5,4453.5,4288.0,3679.5,4826.0,5651.0,5780.0,6685.0,4579.0,3960.0,3574.0,3787.0,5139.5,4377.5,5064.5,8062.0,5263.0,6766.5,5374.5,4252.5,5735.5,8842.0,6732.0,9570.5,6530.0,5411.5,4093.0,5686.5,0.0,5143.0,14924.5,13194.5,9002.5,12893.0,10231.5,9390.0,11964.5,9900.0,11358.5,5265.5,3601.0,3675.5,4561.5,2922.5,4352.5,5278.5,3530.5,5533.5,5734.0,3240.0,8734.5,3935.5,10799.0,8009.5,5742.5,4888.5,6864.0,5030.5,11378.0,5328.0,5038.5,4882.5,5070.0,4214.5,5464.5,4568.5,4432.0,4661.0,4193.0,3954.5,3638.0,3786.0,4101.5,5394.5,6057.0,5787.5,8438.0,4035.0,10135.0,4732.5,6901.0,6891.5,6537.0,4792.5,5319.0,5004.0,5819.5,8964.0,6550.5,8249.5
G_Klimt9.jpg_persistence.pkl,5926.0,6077.5,4990.5,5543.5,5311.0,6954.0,7341.5,9669.0,8026.0,4474.0,8670.5,6170.5,6446.0,5500.0,7170.5,7572.0,7941.0,8310.0,6503.5,5790.0,4931.5,5137.5,5773.5,6257.5,6780.0,8766.5,6885.0,8134.0,7097.0,6123.0,3786.0,6375.5,5926.5,9660.5,7649.5,4706.5,6786.0,8780.0,5143.0,0.0,16358.5,16022.0,6159.5,11375.5,7293.0,11125.0,14492.5,9056.5,10801.0,5148.5,5435.0,4539.0,5962.0,4881.0,5035.5,5790.0,4735.0,6809.5,6170.0,5217.5,6912.0,3588.5,10793.0,5705.5,5739.0,3252.0,3761.5,3553.0,8493.0,4587.0,5430.5,6758.5,5804.5,6382.0,7630.5,6101.0,6579.5,5690.0,5752.5,5759.5,4516.5,5419.5,3818.0,3369.5,3759.5,6717.0,8698.5,6566.0,7635.5,6676.5,4556.5,4315.0,3715.5,4766.5,4660.5,5814.5,4369.0,5265.5,6117.5,5185.0
G_Mithila1.jpg_persistence.pkl,20407.5,18388.0,17131.0,18602.5,15421.5,19155.0,18870.5,17570.0,19432.5,18750.5,20393.0,18407.0,18079.0,17173.0,17466.0,19560.0,19496.0,20803.0,18290.0,17491.5,16762.0,17041.0,18988.0,17681.0,18648.0,20297.5,19483.5,21037.0,19473.0,18237.5,17980.5,17010.0,12354.0,9524.5,11203.0,16266.5,12656.0,13224.5,14924.5,16358.5,0.0,9712.0,14324.5,10283.5,13970.0,10634.5,9492.0,12689.0,7870.5,17134.5,17244.0,15942.5,18067.0,16140.5,18328.0,19277.5,17187.5,18977.5,19552.0,16930.5,21196.5,17214.5,9929.5,14515.5,19731.0,15348.0,18136.5,17419.5,13333.0,18685.0,17210.0,17757.5,17752.0,16244.0,18094.5,17479.5,16937.0,17448.0,17362.0,16084.5,16653.0,15053.0,16701.0,17731.5,14408.5,18624.0,9668.0,17482.5,19435.5,18046.5,19691.5,16468.5,16688.0,15895.0,19393.5,14023.0,14259.0,16297.0,15374.0,19402.5
G_Mithila10.jpg_persistence.pkl,18459.5,15859.5,15702.0,16286.5,14558.5,16867.5,16328.0,20769.5,16829.5,17175.5,17975.0,15960.5,15708.0,15100.5,14619.5,17099.0,17313.5,18715.5,16072.5,15677.0,14810.5,14855.0,17071.5,15219.0,16108.5,19514.0,17207.5,19022.5,17229.0,15948.5,16773.5,18816.0,13390.0,12872.0,11311.0,15731.0,11856.5,9259.5,13194.5,16022.0,9712.0,0.0,16347.0,15029.0,15180.0,12378.5,6161.5,15762.5,12262.0,16474.5,14913.0,14550.0,15610.0,13978.0,16295.0,16966.5,15177.5,16523.5,17137.0,14641.0,20601.5,15869.5,12404.0,15649.5,17983.0,15245.0,18301.0,16567.0,15886.0,16684.0,15439.0,15243.0,15483.5,13873.0,14513.0,15068.0,14266.5,15330.5,15055.0,13617.0,14605.0,14116.5,15536.0,17016.0,14597.5,16592.0,10736.0,15075.0,19520.0,15405.5,18900.0,17379.0,16652.0,15113.0,17813.0,12344.5,15003.0,17220.0,15191.0,18932.0
G_Mithila2.jpg_persistence.pkl,11184.0,10835.5,8978.0,10358.0,9048.0,11729.5,12083.0,10059.0,12767.0,9314.0,13490.0,11022.5,10957.5,10037.0,11490.0,12573.5,12606.0,13152.5,11138.5,10455.5,9486.5,9646.0,10565.0,10825.0,11609.5,12024.0,11849.5,12892.0,11929.5,10926.0,8304.0,6805.0,6526.5,7528.5,8659.5,7946.0,9930.0,11563.5,9002.5,6159.5,14324.5,16347.0,0.0,7144.5,5196.0,12219.0,15188.5,6974.5,7867.0,8625.0,10165.0,8374.0,10716.5,9135.5,10022.0,10981.5,9301.0,11742.5,11471.5,9828.5,10157.5,8225.0,8973.5,4783.5,10717.5,6150.5,6305.5,7269.0,5519.5,9545.0,9342.0,11189.0,10148.0,10293.5,12039.0,10440.5,10624.5,10230.5,10062.0,9820.5,9124.0,9013.5,7997.0,7646.5,5395.0,11112.5,8151.5,11170.0,8574.0,11296.5,8869.0,5690.0,6815.0,8280.5,9799.5,9035.0,6883.0,4723.5,7632.5,7810.0
G_Mithila3.jpg_persistence.pkl,16441.5,15474.0,13172.5,15186.0,12714.5,16364.5,16345.5,14369.0,16974.5,14446.5,17765.5,15501.5,15235.5,14463.5,15445.5,16989.0,16867.0,17976.0,15573.5,14778.5,13773.5,14129.0,15713.5,14981.5,15993.0,17226.5,16590.0,17977.5,16612.0,15429.5,13507.0,11474.0,8141.0,7489.0,10048.5,12772.5,12234.5,14024.0,12893.0,11375.5,10283.5,15029.0,7144.5,0.0,7092.0,12067.0,13980.5,8831.5,4410.0,12716.5,14390.5,12993.5,15149.5,13107.5,14880.5,15879.0,13888.0,16206.5,16210.0,14182.5,16135.5,13213.0,7375.5,8645.5,15911.5,10241.0,12263.5,11901.0,4986.0,14597.0,13436.5,15293.5,14363.5,13845.5,16132.0,14720.0,14578.5,14436.5,14379.0,13537.5,13440.5,11991.5,12739.0,12686.0,9803.5,15655.5,8449.0,15279.0,14116.0,15635.0,14581.0,10349.5,12087.5,11852.5,15090.5,11672.0,9690.5,8703.5,10235.5,13249.0
G_Mithila4.jpeg_persistence.pkl,12119.5,11681.0,9861.5,11432.0,10025.0,13156.0,13119.0,13846.0,13620.0,10154.0,14780.5,12194.5,12106.5,11574.5,11881.5,13801.5,13939.0,15052.5,12530.0,11949.0,10676.0,10599.5,12329.5,11736.0,12677.0,14780.0,13416.0,14829.0,13535.0,12372.0,8446.5,10301.0,6841.5,8565.5,9151.5,9776.5,11175.5,11508.0,10231.5,7293.0,13970.0,15180.0,5196.0,7092.0,0.0,11794.0,14323.0,9382.5,8335.5,9709.0,11079.5,10092.5,11692.5,10039.5,11257.0,11976.0,10705.5,12696.5,12312.5,10956.5,12163.5,9335.5,8670.0,6524.0,12250.0,7224.0,8051.0,8045.0,4732.0,10151.0,9997.5,11943.5,10743.0,11151.0,12431.5,11288.5,11239.0,11019.0,11143.5,10283.5,9642.5,10262.5,9125.0,8610.0,6298.0,12136.5,8254.5,12272.0,10510.0,12130.0,10002.0,8309.5,8013.0,9321.5,10847.5,9365.0,7609.0,4317.5,8546.0,7206.5
G_Mithila5.jpg_persistence.pkl,13468.5,13059.0,13032.0,12351.5,12686.5,13000.0,13026.0,11760.0,13733.0,13235.5,13313.5,12145.5,11799.5,10967.0,13051.0,12703.5,12354.5,12548.0,11407.5,10835.5,11214.0,11747.5,11739.0,12285.5,12813.5,12170.5,12111.0,12723.5,12217.0,11757.5,13321.5,11569.0,10663.5,7643.0,9716.0,9719.5,9459.5,9851.5,9390.0,11125.0,10634.5,12378.5,12219.0,12067.0,11794.0,0.0,8982.5,9925.5,10094.0,13386.5,10737.0,9085.0,12105.0,9930.5,11609.0,12875.5,10181.5,12967.0,13324.0,10399.0,14355.0,11187.0,12279.0,9717.0,11720.5,11803.5,12842.0,12784.0,11827.0,13363.5,13314.0,13011.0,13363.0,12277.0,13336.0,12861.0,12609.0,12719.0,12024.5,8974.0,10501.5,10348.0,11091.5,12575.5,9474.5,11241.5,8669.0,10735.0,13411.5,12701.0,13121.0,12085.5,11155.0,11679.0,11803.5,10385.5,12572.5,13713.5,13239.0,15347.0
G_Mithila6.jpg_persistence.pkl,17142.5,14775.0,14467.0,15109.0,13311.5,15552.5,14977.5,17301.0,15418.5,15779.0,16574.5,14808.0,14553.5,13719.0,13446.5,15728.5,15905.0,17286.0,14666.5,14218.5,13593.5,13686.5,15671.0,14027.5,14816.5,17581.5,15938.5,17642.5,15886.5,14654.5,15534.5,16682.0,12475.5,11143.5,10770.5,14222.5,10972.0,9039.0,11964.5,14492.5,9492.0,6161.5,15188.5,13980.5,14323.0,8982.5,0.0,14850.5,11690.0,14953.5,13663.5,12997.5,14388.0,12785.5,15051.0,15843.5,13859.5,15238.0,15935.5,13388.5,19045.5,14468.5,12605.5,14449.0,16712.5,14072.0,16703.0,15219.0,15140.0,15521.5,14203.5,14013.0,14333.0,12658.0,13699.0,13908.0,13106.5,14069.5,13968.5,12182.5,13372.0,13191.5,14384.0,15545.5,13149.0,15154.5,10188.5,13821.0,17981.0,14280.0,17358.0,15856.0,15257.5,14321.5,16481.0,11942.5,13989.0,16066.0,14262.0,17506.0
G_Mithila7.jpeg_persistence.pkl,12921.5,13193.0,11899.5,12314.0,11153.0,13521.0,13364.0,8501.5,14100.0,12154.5,13778.0,12408.5,12027.0,11264.0,13734.5,12989.5,12781.5,12773.0,12153.0,10958.5,11125.0,11598.0,11813.5,12547.0,13053.0,11406.5,12701.5,12733.0,12566.5,12084.0,11872.0,8121.0,7509.0,5404.0,8211.5,8743.0,9285.0,12287.0,9900.0,9056.5,12689.0,15762.5,6974.5,8831.5,9382.5,9925.5,14850.5,0.0,7392.0,11961.0,11115.0,9228.5,12414.0,10231.0,11501.5,12818.0,10206.5,13477.0,13454.5,10813.5,12460.0,10274.0,9145.5,6230.5,11014.0,8890.5,9919.0,10983.0,8031.5,12604.5,12485.5,13207.5,13041.5,11929.0,14097.5,12773.5,12773.5,12426.5,11682.0,9794.5,10791.0,8928.0,9912.5,11055.0,7416.0,11857.0,7217.5,11853.5,11479.0,13341.0,11403.0,8360.0,8969.0,9447.5,10592.5,9428.5,8934.0,9864.0,10554.5,12879.5
G_Mithila8.jpeg_persistence.pkl,15286.5,13891.5,12101.0,13785.0,11265.0,14673.5,14887.5,13109.5,15484.0,13527.0,16343.5,13928.5,13813.5,12951.5,13934.5,15409.5,15429.0,16352.0,13981.5,13316.0,12339.5,12679.5,14118.0,13527.5,14466.0,15647.0,14906.0,16309.0,15014.5,13890.5,12822.0,11106.0,7437.0,5762.5,8261.0,11283.5,10694.5,12244.0,11358.5,10801.0,7870.5,12262.0,7867.0,4410.0,8335.5,10094.0,11690.0,7392.0,0.0,12036.0,12935.5,11514.0,13601.0,11872.5,13424.5,14484.5,12503.5,14564.5,14826.0,12697.0,15603.0,12241.0,5714.5,8681.0,14614.5,9701.5,12194.5,11902.0,6688.5,13670.5,12616.5,13765.0,13353.0,12348.5,14693.0,13270.5,13170.5,13078.5,13025.0,12099.0,12066.0,10278.5,11478.0,12255.0,9215.5,14142.0,6358.5,13759.0,13885.5,14015.0,14118.5,9917.0,11154.0,10442.0,14151.0,10156.5,9213.5,9932.5,10061.0,13706.5
