,R_Dey1.jpg_persistence.pkl,R_Dey10.jpeg_persistence.pkl,R_Dey2.jpg_persistence.pkl,R_Dey3.jpeg_persistence.pkl,R_Dey4.jpg_persistence.pkl,R_Dey5.jpg_persistence.pkl,R_Dey6.jpg_persistence.pkl,R_Dey7.jpeg_persistence.pkl,R_Dey8.jpg_persistence.pkl,R_Dey9.jpg_persistence.pkl,R_Gen1.jpg_persistence.pkl,R_Gen10.jpg_persistence.pkl,R_Gen2.jpg_persistence.pkl,R_Gen3.jpg_persistence.pkl,R_Gen4.png_persistence.pkl,R_Gen5.jpeg_persistence.pkl,R_Gen6.jpg_persistence.pkl,R_Gen7.jpg_persistence.pkl,R_Gen8.jpg_persistence.pkl,R_Gen9.jpg_persistence.pkl,R_Goya1.jpg_persistence.pkl,R_Goya10.jpg_persistence.pkl,R_Goya2.jpg_persistence.pkl,R_Goya3.jpg_persistence.pkl,R_Goya4.jpg_persistence.pkl,R_Goya5.jpg_persistence.pkl,R_Goya6.jpg_persistence.pkl,R_Goya7.jpg_persistence.pkl,R_Goya8.jpg_persistence.pkl,R_Goya9.jpg_persistence.pkl,R_Klimt1.jpg_persistence.pkl,R_Klimt10.jpeg_persistence.pkl,R_Klimt2.jpg_persistence.pkl,R_Klimt3.jpg_persistence.pkl,R_Klimt4.jpg_persistence.pkl,R_Klimt5.jpg_persistence.pkl,R_Klimt6.jpg_persistence.pkl,R_Klimt7.jpg_persistence.pkl,R_Klimt8.jpg_persistence.pkl,R_Klimt9.jpg_persistence.pkl,R_Mithila1.jpg_persistence.pkl,R_Mithila10.jpg_persistence.pkl,R_Mithila2.jpg_persistence.pkl,R_Mithila3.jpg_persistence.pkl,R_Mithila4.jpeg_persistence.pkl,R_Mithila5.jpg_persistence.pkl,R_Mithila6.jpg_persistence.pkl,R_Mithila7.jpeg_persistence.pkl,R_Mithila8.jpeg_persistence.pkl,R_Mithila9.jpg_persistence.pkl,R_Raja1.jpg_persistence.pkl,R_Raja10.jpg_persistence.pkl,R_Raja2.jpg_persistence.pkl,R_Raja3.jpg_persistence.pkl,R_Raja4.jpg_persistence.pkl,R_Raja5.jpeg_persistence.pkl,R_Raja6.jpg_persistence.pkl,R_Raja7.jpg_persistence.pkl,R_Raja8.jpg_persistence.pkl,R_Raja9.jpg_persistence.pkl,R_Ren1.jpg_persistence.pkl,R_Ren10.jpg_persistence.pkl,R_Ren2.jpg_persistence.pkl,R_Ren3.jpg_persistence.pkl,R_Ren4.jpg_persistence.pkl,R_Ren5.jpg_persistence.pkl,R_Ren6.jpg_persistence.pkl,R_Ren7.jpg_persistence.pkl,R_Ren8.jpg_persistence.pkl,R_Ren9.jpeg_persistence.pkl,R_Robert1.jpg_persistence.pkl,R_Robert10.jpg_persistence.pkl,R_Robert2.jpg_persistence.pkl,R_Robert3.jpg_persistence.pkl,R_Robert4.jpg_persistence.pkl,R_Robert5.jpg_persistence.pkl,R_Robert6.jpg_persistence.pkl,R_Robert7.jpg_persistence.pkl,R_Robert8.jpg_persistence.pkl,R_Robert9.jpg_persistence.pkl,R_Sid1.jpeg_persistence.pkl,R_Sid10.jpg_persistence.pkl,R_Sid2.jpeg_persistence.pkl,R_Sid3.jpg_persistence.pkl,R_Sid4.jpg_persistence.pkl,R_Sid5.jpeg_persistence.pkl,R_Sid6.jpeg_persistence.pkl,R_Sid7.jpg_persistence.pkl,R_Sid8.jpg_persistence.pkl,R_Sid9.jpg_persistence.pkl,R_Vin1.jpg_persistence.pkl,R_Vin10.jpg_persistence.pkl,R_Vin2.jpg_persistence.pkl,R_Vin3.jpg_persistence.pkl,R_Vin4.jpg_persistence.pkl,R_Vin5.jpg_persistence.pkl,R_Vin6.jpg_persistence.pkl,R_Vin7.jpg_persistence.pkl,R_Vin8.jpeg_persistence.pkl,R_Vin9.jpg_persistence.pkl
R_Dey1.jpg_persistence.pkl,0.0,4631.5,5589.5,5036.0,7169.5,3411.5,5043.5,11852.5,5311.0,2742.5,6050.5,3960.5,5570.0,5019.0,5730.0,5446.5,6590.0,5717.0,4512.0,6018.5,4648.0,4229.5,3237.0,4385.0,4689.5,7166.0,4133.0,5698.0,5212.5,3891.0,6978.0,9350.5,7712.5,13261.0,9977.0,7085.5,8512.5,9398.5,7156.5,8347.0,15820.0,16072.0,8841.5,14163.5,11000.5,13910.0,12854.0,10924.0,12671.0,7214.0,4768.0,7210.0,4634.0,4619.0,3132.0,2827.5,4535.0,4867.0,4586.0,5659.5,9865.0,6049.5,13264.5,7793.5,5088.0,5174.5,8514.0,2766.0,12158.5,2477.0,5930.0,5432.5,5759.5,6056.5,5952.5,5263.5,6093.0,5694.5,6617.0,6186.0,4855.5,7335.5,5883.5,6362.0,8316.0,5409.5,10254.0,5033.0,11575.5,4895.5,8709.0,7947.5,7055.0,2708.0,6314.0,5552.5,7664.5,8758.5,4056.5,6748.0
R_Dey10.jpeg_persistence.pkl,4631.5,0.0,3263.5,2939.5,4333.5,3027.5,2773.5,13554.0,2636.0,3781.5,5087.5,2543.0,3173.0,3345.5,2389.0,3465.0,5655.5,5619.5,4018.0,4276.0,2981.5,2125.5,3910.5,2257.5,2375.5,8592.5,3684.0,5626.5,4082.5,2766.5,6009.0,10234.5,10121.5,12022.5,6811.0,6939.0,6596.5,6222.5,4996.0,6034.5,14460.0,13153.0,8750.0,13970.5,11901.5,13597.5,10581.0,11783.0,11345.5,4616.0,3188.5,5769.5,1982.0,3984.0,3137.0,3451.0,4488.5,2531.5,3386.0,3673.5,11887.5,5575.5,12357.5,10612.5,5869.5,6880.5,9860.5,5270.0,14867.0,3019.5,3030.0,2327.5,2510.0,2707.0,2956.5,2185.0,2699.5,2334.5,3539.0,4292.0,3813.5,5247.5,4956.0,6115.5,8571.5,7020.5,8859.0,4230.5,10691.0,2525.5,10092.0,9883.0,7663.0,4688.5,6269.0,6314.5,5602.0,11482.0,6169.5,8517.0
R_Dey2.jpg_persistence.pkl,5589.5,3263.5,0.0,2671.0,2408.0,4747.5,3872.5,13019.5,4202.0,4306.5,6574.0,3620.5,3407.5,3958.5,3167.0,4883.0,7238.5,7588.0,5478.5,4710.0,3679.0,3367.5,5466.5,3215.0,3517.5,9760.5,4379.5,7224.5,5331.0,3844.5,3562.5,8711.5,9873.0,11054.5,6715.0,7078.0,6713.0,6565.5,4992.5,5049.0,12440.5,13234.0,7300.5,11707.0,10293.0,13295.0,10867.5,10004.5,9541.5,2874.0,3912.5,5590.5,3521.5,5599.5,4483.0,3954.0,4789.5,4732.5,2703.0,3427.5,13329.5,5442.5,10097.0,10742.5,6330.0,6213.0,8883.5,6355.0,14504.5,3801.5,1707.0,3358.5,2068.5,2906.0,3901.5,3069.5,3554.5,2360.0,4317.0,5238.5,4524.0,5334.0,5045.5,4823.5,8044.5,8150.5,8480.5,4789.0,9255.5,3669.5,11652.5,9008.5,7652.5,5344.0,5653.5,6098.0,6134.5,12348.0,6396.5,7269.0
R_Dey3.jpeg_persistence.pkl,5036.0,2939.5,2671.0,0.0,3030.0,3897.0,3749.0,12060.5,4022.5,3619.5,6102.5,3354.0,2780.0,2947.5,3408.0,4690.5,6105.0,6830.5,4537.0,3579.5,2428.5,2714.5,4544.5,2792.5,3447.5,8747.0,3408.0,6541.0,4719.5,3192.5,4227.0,8222.0,8480.0,10077.0,6244.5,5516.0,5511.0,5814.0,3836.0,4387.5,12259.0,12271.5,6721.0,11677.5,9685.5,11970.5,9810.0,9746.0,9136.5,3554.0,2415.0,4032.5,2659.0,4037.5,3784.5,3388.0,3542.0,3720.5,2399.0,2715.5,12191.5,4105.0,10189.5,9102.0,5677.5,5217.0,7955.5,5624.5,13163.0,3622.0,2399.0,3359.5,2210.5,2977.5,3930.0,3188.0,3396.5,2748.0,3731.5,4146.0,2944.5,4276.5,3872.0,4109.0,6751.5,6856.5,7238.5,3850.0,8632.5,3477.0,10667.5,8131.0,6175.0,4150.5,4651.0,4654.0,4903.0,11034.0,5312.5,6681.0
R_Dey4.jpg_persistence.pkl,7169.5,4333.5,2408.0,3030.0,0.0,6167.5,4939.0,13339.5,5362.0,5602.5,7681.0,5042.5,4144.5,4531.0,3949.0,6040.5,8093.5,9002.5,6599.0,4852.0,4446.0,4571.5,6949.0,4521.0,4801.0,11131.0,5583.5,8648.0,6560.0,5151.0,3001.0,7943.5,9328.5,10264.0,5891.5,7467.0,6683.5,6448.5,4972.5,4219.5,11355.0,12659.0,6412.0,10751.5,9627.5,12898.0,11013.5,9434.0,8534.0,2571.5,4527.0,5472.0,4510.0,6235.0,6033.5,5514.5,5158.5,5506.5,3511.5,3821.5,14612.5,5712.0,9142.0,10860.0,7724.0,6236.5,8238.0,7620.5,14287.5,5469.0,2106.0,4377.0,2580.0,3078.0,4992.5,3633.0,4153.5,2965.0,4611.5,5859.0,4920.0,5745.5,5623.0,4376.0,7735.0,9373.0,8233.5,5732.0,8564.0,4779.0,13038.5,8690.5,7690.0,6265.0,5760.0,6074.0,5358.0,13253.5,7000.0,7356.5
R_Dey5.jpg_persistence.pkl,3411.5,3027.5,4747.5,3897.0,6167.5,0.0,4156.5,12122.0,4237.5,3504.0,5590.0,2843.5,4086.5,3546.0,4494.5,4390.5,5548.0,4866.5,3577.5,4569.5,3449.5,3079.5,2216.0,3342.5,3734.0,6844.0,3228.0,4849.0,3929.5,2670.5,6785.0,9383.0,8576.5,11957.5,8611.5,6431.0,6831.0,7754.5,5654.0,7045.5,14685.0,14133.5,8258.0,13947.5,11683.0,12845.5,10871.0,10829.5,11388.5,6030.0,3575.0,5647.0,3312.5,3895.5,2457.0,2724.0,3776.0,3932.5,4065.5,4391.5,10066.5,5211.0,12669.5,8909.0,5022.5,5673.0,8700.5,4429.0,13174.0,2850.5,4860.5,4210.5,4496.0,4763.0,4755.5,4092.5,4769.0,4435.5,5410.0,4872.5,3661.0,6223.5,5144.5,6510.5,7964.0,5803.5,8965.5,4390.0,10924.5,3896.0,8382.5,8739.5,7016.0,3895.0,5708.0,5785.5,6316.5,9324.5,5307.5,7921.0
R_Dey6.jpg_persistence.pkl,5043.5,2773.5,3872.5,3749.0,4939.0,4156.5,0.0,13617.5,2217.0,4966.0,3578.5,2174.0,2852.0,2645.0,2317.5,2194.0,4570.5,4890.5,3070.5,3736.0,2952.5,2996.5,4567.5,2264.5,1568.5,7850.5,3724.0,4794.5,2916.5,2373.0,6516.0,10149.5,10947.0,11539.0,7203.0,7360.0,6262.5,6423.0,4951.5,6425.5,14716.5,13138.0,8741.0,14308.0,12668.0,13464.0,10276.0,12017.0,11558.5,5040.0,3601.5,5824.0,2239.5,4102.0,3140.0,3847.5,4672.5,3417.5,4212.5,4468.0,11401.5,5948.0,12983.5,11117.0,5763.5,7531.5,10223.0,5608.5,15464.0,3724.0,3436.5,2247.5,2922.5,2927.0,2565.0,2033.0,2773.5,2650.5,3115.5,3348.5,4768.5,5619.5,5003.0,7257.0,9241.0,6573.5,9428.5,4384.0,11227.0,2347.5,9657.0,9840.0,7489.0,5508.0,6022.5,6336.5,7200.0,12611.5,6859.5,9208.5
R_Dey7.jpeg_persistence.pkl,11852.5,13554.0,13019.5,12060.5,13339.5,12122.0,13617.5,0.0,13893.5,11790.0,13695.0,12611.0,12708.5,11949.0,14823.0,12911.0,12590.0,11021.5,12063.0,12062.0,11916.5,12621.5,10907.5,13019.5,13606.0,8651.0,11622.0,10908.5,11889.5,12273.0,12954.5,10485.0,9421.0,15110.5,17240.0,12404.5,13789.0,16790.5,13696.0,14052.5,17123.5,21242.0,10401.0,16087.0,15261.5,11804.5,16915.5,11198.5,13707.0,13329.5,12108.0,11366.0,13383.0,11897.5,11684.0,11539.5,10675.5,14025.5,12365.0,12782.0,9744.5,11776.5,16902.0,8291.0,9971.0,9034.5,9097.5,11146.5,11904.0,12307.5,12907.0,14252.0,13256.5,13879.5,14960.5,14238.5,14804.5,13554.5,13416.5,12850.5,11992.5,14650.5,13098.5,12412.5,11240.5,11632.0,15471.0,12825.0,16039.0,14174.0,11280.5,7799.0,11227.0,10979.0,10124.0,10320.0,14223.0,11440.5,11484.0,12248.0
R_Dey8.jpg_persistence.pkl,5311.0,2636.0,4202.0,4022.5,5362.0,4237.5,2217.0,13893.5,0.0,5102.0,4213.5,2329.0,3016.5,3412.5,2516.5,1893.0,4568.0,4694.0,3858.5,3985.0,3324.0,3300.5,4937.0,2416.0,1512.0,8007.5,3640.0,4773.5,3172.5,2788.5,7059.0,10977.0,11555.5,12205.5,7712.0,7752.5,7295.0,7135.5,5529.0,7048.0,15608.5,13954.5,9748.5,15071.5,13075.0,14178.5,11197.0,12691.0,12401.5,5524.5,4067.5,6345.5,2652.0,4848.5,3433.0,4011.5,5321.0,3360.0,4549.0,4826.0,11818.5,6571.0,13560.0,11678.0,5865.5,7937.5,10889.5,6208.0,15853.5,3680.5,3748.0,1969.0,3373.0,3276.0,2617.0,2287.5,3120.0,2974.5,3370.0,3959.5,5188.5,6061.5,5858.5,7459.0,9925.0,7519.5,9958.0,4966.0,11904.5,2586.0,10496.5,10596.5,7730.5,5900.5,6268.5,7045.5,7176.0,12915.5,7181.5,9648.0
R_Dey9.jpg_persistence.pkl,2742.5,3781.5,4306.5,3619.5,5602.5,3504.0,4966.0,11790.0,5102.0,0.0,6752.5,3748.5,4621.0,4313.5,5091.0,5617.5,7062.0,6679.5,4951.5,5369.0,4012.5,3596.5,3585.5,3881.5,4532.0,7964.5,3489.0,6611.0,5385.0,3658.5,5172.0,8396.5,7644.0,12060.0,8742.5,5952.5,7615.0,8244.0,5956.5,6913.5,13895.0,14729.0,7495.5,12080.0,9468.0,13215.0,11733.5,9777.0,10777.5,5641.0,3930.0,6062.5,3987.5,5031.5,3336.0,2405.5,4092.0,4541.0,3251.5,4421.5,11054.0,5100.5,11232.0,7929.0,5546.5,4501.0,7630.5,4049.0,12091.0,2213.5,4712.0,4813.0,4632.5,5130.5,5487.5,4657.5,5271.5,4778.0,5762.5,5886.0,4131.5,6248.0,5145.5,4538.0,6796.0,6032.0,8801.5,4624.5,9909.5,4576.5,9794.5,7400.5,6606.5,2730.5,5695.5,4971.5,6479.0,8728.0,3473.5,5853.0
R_Gen1.jpg_persistence.pkl,6050.5,5087.5,6574.0,6102.5,7681.0,5590.0,3578.5,13695.0,4213.5,6752.5,0.0,4132.0,4582.5,4718.5,5037.0,3556.5,4363.5,4498.5,3655.5,4912.0,4923.5,4878.0,5814.0,4274.0,3801.0,6783.0,5251.5,4558.0,3678.5,4120.0,8925.5,11598.0,12063.5,12936.0,9788.0,8927.0,8155.0,8902.5,7064.5,8740.0,16934.5,15484.0,10733.5,16569.5,14900.0,14865.0,12459.0,13624.0,13745.5,7660.5,5568.0,7610.5,4362.5,4691.0,4519.5,5857.0,6146.0,5284.0,6543.0,6697.0,9814.0,7860.0,15279.5,11618.0,5287.0,9160.0,11862.5,6325.0,16649.5,5739.5,6111.0,4458.5,5588.5,5502.0,5224.5,4676.0,5516.0,5306.5,5128.5,4635.0,6325.0,7994.5,6837.5,9561.0,10965.0,5784.5,11573.5,6072.5,13455.0,4777.0,8137.0,10606.0,8143.5,6944.0,6629.5,7068.5,9268.5,13928.0,8943.5,11387.0
R_Gen10.jpg_persistence.pkl,3960.5,2543.0,3620.5,3354.0,5042.5,2843.5,2174.0,12611.0,2329.0,3748.5,4132.0,0.0,2765.5,2470.0,2802.0,2490.0,4222.5,4359.5,2679.5,3329.5,2474.0,2029.5,3322.0,1906.5,1914.0,7196.0,2688.5,4206.5,2578.5,1735.0,5981.0,9245.5,9818.5,11250.5,7379.0,6301.5,6225.0,6585.5,4634.0,6165.0,14306.0,13378.0,8023.0,13685.5,11564.5,12724.5,10243.0,10906.5,11125.5,4980.5,2914.5,4973.0,2044.5,3426.0,2160.5,2622.0,3711.5,3207.0,3375.5,3658.0,10874.0,4871.0,12217.5,10061.0,4936.5,6303.5,9122.5,4764.0,14309.0,2487.5,3459.0,2398.0,3087.5,3084.5,2977.5,2397.0,3160.5,2791.0,3468.0,3503.0,3747.5,5161.5,4421.0,6283.0,8182.5,6150.0,8571.5,3499.5,10455.0,2378.5,9208.0,8948.5,6867.0,4440.5,5089.0,5749.5,6267.5,11199.5,5667.5,8018.0
R_Gen2.jpg_persistence.pkl,5570.0,3173.0,3407.5,2780.0,4144.5,4086.5,2852.0,12708.5,3016.5,4621.0,4582.5,2765.5,0.0,2637.0,3025.0,3391.5,4700.5,5875.5,3879.5,2745.0,2639.5,2936.5,4712.0,2359.5,2720.0,7840.5,3074.0,5570.0,3583.5,2870.0,5458.0,9620.5,10431.0,10425.5,6567.0,6126.5,5500.0,5903.5,4121.0,5329.5,13522.0,12398.5,8064.0,13147.0,11496.0,12787.0,9531.5,11204.5,10443.0,4309.0,3086.0,4753.0,2694.5,4288.0,3708.5,3661.0,4273.0,4098.0,3335.0,3683.5,11550.0,5166.5,11797.5,10511.5,5537.5,6899.0,9561.0,6126.5,14742.0,4025.0,3043.0,2811.5,2484.0,2737.0,3455.0,2887.0,3097.5,2783.5,2868.5,3168.0,4107.5,4912.0,4406.5,6084.5,8542.0,6938.5,8328.0,4239.0,10176.0,3332.5,10322.0,9474.0,7136.0,5253.0,5070.5,6046.5,6363.5,12092.5,6420.5,8318.0
R_Gen3.jpg_persistence.pkl,5019.0,3345.5,3958.5,2947.5,4531.0,3546.0,2645.0,11949.0,3412.5,4313.5,4718.5,2470.0,2637.0,0.0,3559.0,3189.0,4428.0,5245.5,3122.0,2390.0,2173.5,2768.5,3869.5,2723.0,2881.0,7072.5,2483.0,4950.5,2811.0,2135.5,5440.5,8299.0,9217.5,9755.5,6799.0,5600.5,4868.5,6071.0,3678.0,5364.0,12971.0,12135.0,6970.5,12607.0,10948.5,11558.0,9034.0,10184.5,9738.0,4585.5,2624.5,3956.0,2826.0,3436.5,3032.5,3152.0,3035.0,3956.5,3168.5,3369.0,10525.5,4228.0,11367.0,9475.5,5156.0,5731.5,8330.5,5395.5,13662.0,3837.5,3595.0,3360.5,2982.0,3114.5,3896.5,3075.5,3665.0,2954.5,3247.0,3074.0,3392.5,4690.5,3963.0,5755.0,7373.5,5757.0,7624.5,3685.5,9719.5,3417.5,9109.0,8073.0,5961.0,4579.0,4341.5,4999.5,5950.5,11219.0,5715.5,7720.0
R_Gen4.png_persistence.pkl,5730.0,2389.0,3167.0,3408.0,3949.0,4494.5,2317.5,14823.0,2516.5,5091.0,5037.0,2802.0,3025.0,3559.0,0.0,3233.0,5642.0,6376.5,4290.0,4370.5,3565.0,2708.5,5312.0,2323.0,2049.0,9631.5,4339.0,6404.0,4458.0,3327.0,5864.0,10805.5,11217.0,11242.0,5481.0,6893.5,5764.0,5064.0,4259.0,5301.0,13586.5,11839.0,8467.5,13553.5,11952.0,13545.0,9370.0,12403.5,10729.0,4528.0,3641.0,5496.0,2094.0,4529.5,4084.0,4179.0,5253.5,2670.0,3338.5,3588.0,13222.0,5482.0,11828.5,12053.0,7281.0,8016.0,10672.0,6401.0,16242.5,3858.5,3034.5,1477.5,2078.5,1978.0,1990.0,1303.5,1407.0,2101.5,2995.5,3928.0,4512.5,4605.0,4631.5,5970.0,8808.5,7607.0,8296.0,4063.0,10060.0,1735.0,11508.0,10909.0,8239.0,5973.5,6620.5,7207.5,5832.0,13163.5,6959.0,9297.0
R_Gen5.jpeg_persistence.pkl,5446.5,3465.0,4883.0,4690.5,6040.5,4390.5,2194.0,12911.0,1893.0,5617.5,3556.5,2490.0,3391.5,3189.0,3233.0,0.0,3928.5,3683.0,3367.5,3859.5,3521.5,3657.0,4752.0,2856.5,2014.0,7130.5,3667.0,3851.0,2548.0,2863.0,7587.0,10162.5,11337.0,11601.0,8384.0,7774.5,6773.0,7545.5,5690.0,7449.0,15635.5,14154.0,9263.0,15247.0,13499.5,13432.5,11094.5,12007.0,12345.5,6121.5,4302.0,6216.5,3090.0,4413.0,3312.5,4291.5,4910.5,4015.0,5154.5,5343.5,10797.5,6480.5,13963.5,10813.0,5086.0,7857.0,10380.0,5767.0,15398.0,4231.5,4394.0,2672.0,4034.0,3960.0,3322.0,2964.0,3842.5,3633.0,3579.0,3425.0,5368.5,6597.0,5694.0,8172.0,9797.5,6776.5,10217.5,4775.0,12175.5,2957.5,9450.0,9556.5,7474.5,6051.5,5535.5,6761.0,7938.5,12703.0,7504.5,9838.0
R_Gen6.jpg_persistence.pkl,6590.0,5655.5,7238.5,6105.0,8093.5,5548.0,4570.5,12590.0,4568.0,7062.0,4363.5,4222.5,4700.5,4428.0,5642.0,3928.5,0.0,4112.0,3472.0,4441.5,4683.5,4876.0,5363.5,4790.0,4769.0,6396.0,4526.0,4270.0,3074.0,4178.5,8947.5,10237.0,11019.5,11873.5,9720.0,7636.5,7297.0,8722.0,6527.0,8388.5,16032.5,14854.5,9606.0,15882.0,13822.0,13071.5,11460.5,12360.0,12830.0,8151.5,4874.5,6338.5,4563.5,4283.0,4688.0,5628.5,5310.5,5554.0,6288.5,6278.5,10079.0,6690.5,14549.5,10565.0,4954.0,8368.0,10492.5,6398.0,15522.5,6048.0,6770.5,5225.5,5883.0,5841.5,5863.5,5572.0,5751.0,5910.0,5017.5,4188.5,5633.5,7563.5,6272.5,8934.0,9629.0,5837.5,10469.0,5396.5,12647.0,5385.5,9262.5,9525.5,6960.5,6597.0,5638.0,6590.0,8677.0,13059.5,8619.0,10810.0
R_Gen7.jpg_persistence.pkl,5717.0,5619.5,7588.0,6830.5,9002.5,4866.5,4890.5,11021.5,4694.0,6679.5,4498.5,4359.5,5875.5,5245.5,6376.5,3683.0,4112.0,0.0,3787.5,5923.5,5303.0,5399.0,4344.0,5158.5,4747.0,4562.5,4839.5,2407.0,3539.0,4338.5,9858.0,10461.0,10517.5,13043.5,11278.0,8729.0,8605.0,10361.0,8044.0,9924.0,17245.0,16572.0,10100.0,16744.5,14697.0,13570.0,13104.5,12259.5,13976.0,8899.5,5966.0,7639.0,5374.5,4880.0,4027.0,5517.5,5528.0,5910.0,7153.5,7284.0,7771.0,7738.0,15776.0,9307.5,3606.0,7948.5,10139.0,5126.5,14608.0,5482.0,7303.0,5712.5,6983.5,6860.5,6407.5,5915.0,6878.0,6527.0,6127.5,5640.5,6509.5,8874.5,7641.0,9737.5,10234.5,5337.5,11695.5,6447.5,14014.5,5663.0,6760.5,8620.5,7387.5,6374.0,5967.5,7071.0,9351.5,11913.5,8425.0,10894.0
R_Gen8.jpg_persistence.pkl,4512.0,4018.0,5478.5,4537.0,6599.0,3577.5,3070.5,12063.0,3858.5,4951.5,3655.5,2679.5,3879.5,3122.0,4290.0,3367.5,3472.0,3787.5,0.0,3855.0,3359.5,3274.5,3565.0,3144.5,3215.0,6020.5,3546.5,3993.0,2538.5,2511.5,7328.5,9070.5,9604.0,11289.5,8621.5,6664.0,6339.5,7709.5,5508.0,7230.0,14851.5,13719.0,8415.5,14435.0,12442.0,12157.5,10517.5,10999.0,11624.5,6516.5,3586.0,5337.0,3036.5,3002.0,2787.0,3702.0,3815.0,4119.5,4717.5,4769.0,9790.0,5453.0,13143.0,9297.5,4709.5,6759.0,9183.5,4760.5,13988.5,4053.5,5156.5,3998.0,4538.5,4599.5,4422.5,3938.0,4584.5,4466.5,4625.0,3762.0,4220.0,6305.5,5061.0,7458.5,8298.0,4652.0,9195.5,4115.5,11334.5,3752.5,7998.0,8425.0,6547.0,4837.5,5257.5,5221.5,7349.5,11289.5,6728.5,9103.5
R_Gen9.jpg_persistence.pkl,6018.5,4276.0,4710.0,3579.5,4852.0,4569.5,3736.0,12062.0,3985.0,5369.0,4912.0,3329.5,2745.0,2390.0,4370.5,3859.5,4441.5,5923.5,3855.0,0.0,2906.5,3485.0,4877.5,3450.5,3730.5,7823.5,3489.0,5677.0,3433.5,3148.0,5882.5,8580.5,9548.0,9890.5,7011.5,5868.5,5258.5,6418.0,4007.0,5522.5,13478.5,12676.5,7278.5,13098.0,11418.5,11694.0,9949.0,10473.0,10206.0,5072.5,3261.5,4300.0,3672.5,3968.5,4058.5,4152.5,3351.0,4780.5,3871.0,3672.5,11425.5,4625.5,11767.5,9939.5,5444.5,6378.0,8652.0,6136.5,14292.0,4918.0,4200.0,3980.0,3553.5,3365.0,4871.5,3847.0,4452.0,3517.5,3389.5,3492.0,4035.0,5211.0,4524.0,6212.5,7842.5,6696.0,8139.5,4176.5,9994.5,4165.5,10194.0,8531.0,6336.5,5361.0,4143.0,5446.0,6137.5,12289.5,6592.5,8562.0
R_Goya1.jpg_persistence.pkl,4648.0,2981.5,3679.0,2428.5,4446.0,3449.5,2952.5,11916.5,3324.0,4012.5,4923.5,2474.0,2639.5,2173.5,3565.0,3521.5,4683.5,5303.0,3359.5,2906.5,0.0,2316.5,3805.0,2451.0,2860.5,7425.0,2605.0,5131.5,3421.5,2278.5,5308.0,8465.0,8931.0,10077.0,6741.5,5561.0,5372.5,6103.5,3944.5,5226.0,13292.0,12714.0,7180.5,12691.0,10572.5,11821.5,9750.0,10110.5,10155.0,4577.0,2221.5,4168.0,2448.5,3031.5,2733.5,3022.0,3050.0,3372.0,2813.0,2907.0,10847.5,4219.5,11254.0,9229.5,4871.5,5629.5,8323.5,4989.0,13505.0,3353.5,3363.5,3293.5,2675.0,2890.0,3821.0,3225.0,3527.5,2753.0,3413.5,3168.5,3158.5,4513.5,3966.5,5197.0,7345.0,5842.0,7629.0,3410.0,9571.0,3198.0,9338.5,8215.5,5901.5,4072.0,4320.5,4898.0,5356.0,11226.0,5576.5,7413.0
R_Goya10.jpg_persistence.pkl,4229.5,2125.5,3367.5,2714.5,4571.5,3079.5,2996.5,12621.5,3300.5,3596.5,4878.0,2029.5,2936.5,2768.5,2708.5,3657.0,4876.0,5399.0,3274.5,3485.0,2316.5,0.0,3608.0,2108.5,2810.0,7837.0,3013.5,5157.5,3600.0,2242.5,5484.0,9040.0,9125.0,10762.0,6563.0,5589.0,5619.5,5899.5,4075.5,5249.5,13446.5,12729.0,7483.5,13103.5,10903.5,12078.5,9806.5,10644.0,10452.5,4722.5,2304.0,4473.5,1976.0,3029.0,2649.5,2853.0,3473.5,2827.5,2680.0,2796.0,11266.0,4196.5,11429.0,9746.5,5144.0,6022.5,8836.5,4744.5,14057.5,2709.5,3226.0,2681.5,2585.0,2790.0,3416.5,2736.5,2865.0,2591.5,3295.0,3718.0,2989.5,4352.0,3766.0,5291.5,7216.0,6003.0,7734.0,2931.0,9466.5,2586.5,9649.0,8845.5,6387.5,4080.5,5004.0,5182.0,5135.0,11213.0,5535.0,7784.0
R_Goya2.jpg_persistence.pkl,3237.0,3910.5,5466.5,4544.5,6949.0,2216.0,4567.5,10907.5,4937.0,3585.5,5814.0,3322.0,4712.0,3869.5,5312.0,4752.0,5363.5,4344.0,3565.0,4877.5,3805.0,3608.0,0.0,3919.5,4392.0,5834.0,3108.0,4444.0,3937.0,3013.0,7256.5,8527.0,7526.0,11972.5,9355.5,6393.5,7166.0,8499.0,6125.5,7604.5,14918.0,14835.0,7779.5,13956.5,11482.5,12152.5,11445.0,10047.5,11620.5,6744.0,3940.0,5834.0,3902.0,3888.0,2424.0,2703.5,3394.0,4293.5,4491.0,4946.0,8801.0,5018.5,12904.0,7683.0,4206.5,4937.5,7719.5,3576.5,12157.0,3140.5,5570.5,4938.0,5221.5,5421.5,5530.5,4803.5,5526.5,5075.0,5842.0,5166.0,4102.0,6680.0,5339.0,6653.5,7690.0,4908.0,9203.0,4461.5,11187.0,4526.5,7322.5,7523.0,6583.5,3576.0,5353.0,5357.0,6988.0,8755.0,5150.5,7649.5
R_Goya3.jpg_persistence.pkl,4385.0,2257.5,3215.0,2792.5,4521.0,3342.5,2264.5,13019.5,2416.0,3881.5,4274.0,1906.5,2359.5,2723.0,2323.0,2856.5,4790.0,5158.5,3144.5,3450.5,2451.0,2108.5,3919.5,0.0,1754.0,7825.0,2977.0,4981.5,3267.5,2133.5,5692.0,9614.5,10179.0,11024.5,6761.0,6231.5,5880.0,6013.5,4446.5,5689.0,14076.0,12790.5,8211.0,13591.0,11540.5,12879.0,9862.0,11295.5,11010.0,4558.5,2718.5,5023.0,1737.0,3763.5,2617.0,2918.0,4102.0,2869.0,3123.0,3406.5,11442.0,5083.5,12105.0,10340.0,5548.0,6718.5,9491.0,5156.5,14651.5,2822.0,2950.5,2081.5,2486.0,2634.0,2515.5,2088.0,2558.0,2405.5,3123.5,3308.5,3825.5,4699.5,4336.0,6013.0,8300.5,6348.0,8379.0,3572.5,10240.0,2298.0,9805.0,9384.0,7218.5,4668.0,5447.0,5963.0,6207.0,11673.5,5978.0,8211.5
R_Goya4.jpg_persistence.pkl,4689.5,2375.5,3517.5,3447.5,4801.0,3734.0,1568.5,13606.0,1512.0,4532.0,3801.0,1914.0,2720.0,2881.0,2049.0,2014.0,4769.0,4747.0,3215.0,3730.5,2860.5,2810.0,4392.0,1754.0,0.0,7989.0,3360.0,4736.5,3134.5,2366.5,6324.5,10356.5,11036.0,11550.5,7114.0,7280.0,6570.5,6459.0,5037.5,6358.5,14817.0,13315.5,8984.5,14329.5,12453.5,13665.0,10436.0,12072.0,11693.0,4847.5,3605.5,5844.5,2003.5,4208.0,2814.0,3475.0,4781.0,2993.5,3879.0,4237.5,11620.0,5981.0,12863.0,11134.5,5737.0,7450.5,10333.5,5623.5,15384.5,3204.5,3083.0,1801.5,2767.0,2760.5,2175.0,1727.5,2600.0,2451.0,3180.5,3570.5,4673.0,5447.5,5174.0,6925.0,9297.5,6888.0,9315.5,4439.5,11173.0,2103.5,9975.0,10005.0,7637.0,5394.0,5991.5,6535.0,6812.0,12399.0,6663.0,9026.5
R_Goya5.jpg_persistence.pkl,7166.0,8592.5,9760.5,8747.0,11131.0,6844.0,7850.5,8651.0,8007.5,7964.5,6783.0,7196.0,7840.5,7072.5,9631.5,7130.5,6396.0,4562.5,6020.5,7823.5,7425.0,7837.0,5834.0,7825.0,7989.0,0.0,6387.0,4407.5,5965.0,6715.0,11351.5,9988.5,9855.5,12835.0,13494.0,9359.5,9850.5,12664.5,9747.5,11598.0,16717.5,17370.5,9561.0,16448.0,15054.0,11860.5,13490.0,11654.0,13097.0,10882.5,7776.5,8140.0,8132.5,6917.5,6364.0,6898.5,6956.5,8863.5,8808.5,9199.5,5595.0,8684.5,16341.5,8002.0,4726.0,8288.5,9335.5,6668.5,13300.0,7696.5,9791.0,8839.5,9440.0,9581.5,9555.5,9098.5,9774.5,9395.5,8701.0,7855.5,7955.5,10768.5,9109.5,10917.0,10159.0,5520.5,12497.5,8393.5,14819.0,8896.5,5892.5,7322.0,7848.5,7510.5,7051.5,7713.5,11246.5,10913.0,9227.0,11496.0
R_Goya6.jpg_persistence.pkl,4133.0,3684.0,4379.5,3408.0,5583.5,3228.0,3724.0,11622.0,3640.0,3489.0,5251.5,2688.5,3074.0,2483.0,4339.0,3667.0,4526.0,4839.5,3546.5,3489.0,2605.0,3013.5,3108.0,2977.0,3360.0,6387.0,0.0,4708.5,3345.5,2464.0,5867.5,8433.0,8828.0,10467.0,8002.0,5536.5,6147.5,7237.5,4595.5,6340.5,13754.5,13485.5,7365.5,12884.0,10587.0,12210.5,10132.0,10149.0,10588.0,5513.0,3009.0,4739.0,3183.5,3897.0,2567.0,2386.5,3071.0,4104.5,3253.5,3818.5,9656.5,4271.5,11663.5,8967.0,4459.5,5314.5,8186.0,4769.5,13132.0,3019.5,4376.5,3880.5,3949.0,4099.5,4514.0,3873.5,4370.5,3872.5,4018.5,3844.0,3660.5,5358.0,4456.0,5614.5,7421.5,5311.0,8001.5,3844.0,9937.5,3804.5,8718.5,8008.0,5679.5,4003.5,4239.0,4936.5,6459.5,10333.0,5073.0,7048.5
R_Goya7.jpg_persistence.pkl,5698.0,5626.5,7224.5,6541.0,8648.0,4849.0,4794.5,10908.5,4773.5,6611.0,4558.0,4206.5,5570.0,4950.5,6404.0,3851.0,4270.0,2407.0,3993.0,5677.0,5131.5,5157.5,4444.0,4981.5,4736.5,4407.5,4708.5,0.0,3581.0,4034.5,9464.0,10470.5,10462.0,12974.5,10956.0,8658.0,8639.5,10122.0,7657.5,9504.5,17220.5,16660.5,9953.0,16567.5,14572.5,13525.5,13180.0,12148.0,13804.5,8504.5,5752.5,7563.5,5351.0,4835.0,3997.5,5366.5,5583.5,6151.0,6839.0,6994.0,7532.0,7521.5,15446.5,9197.0,3445.0,7975.0,10126.5,5052.0,14551.0,5424.0,7027.5,5671.0,6694.5,6659.5,6373.0,5910.5,6768.5,6354.5,6119.0,5445.5,6278.0,8576.5,7321.0,9616.5,10213.5,5579.0,11653.0,6140.5,13725.5,5695.0,6604.5,8416.0,7007.5,6387.5,5860.0,6955.0,9269.0,11885.0,8359.0,10796.0
R_Goya8.jpg_persistence.pkl,5212.5,4082.5,5331.0,4719.5,6560.0,3929.5,2916.5,11889.5,3172.5,5385.0,3678.5,2578.5,3583.5,2811.0,4458.0,2548.0,3074.0,3539.0,2538.5,3433.5,3421.5,3600.0,3937.0,3267.5,3134.5,5965.0,3345.5,3581.0,0.0,2538.5,7563.0,9184.0,10222.0,11200.5,8777.5,6986.0,6377.0,7874.5,5654.0,7497.5,14939.5,13907.5,8352.0,14627.5,12983.5,12328.0,10504.0,11280.5,11586.0,6406.0,3989.0,5401.0,3534.0,3875.0,3053.0,3976.0,4101.5,4733.0,5036.5,5203.5,9609.0,5862.5,13611.0,9878.5,4470.5,6987.0,9269.0,5422.5,14351.5,4374.5,4981.5,3869.0,4613.0,4629.5,4552.5,3976.0,4734.5,4334.5,4233.0,3599.5,4945.0,6636.0,5508.0,7940.5,8765.5,5381.5,9644.5,4447.5,11868.0,3889.5,8266.5,8466.0,6593.0,5464.0,5039.0,5887.5,7788.0,11744.5,7081.5,9317.5
R_Goya9.jpg_persistence.pkl,3891.0,2766.5,3844.5,3192.5,5151.0,2670.5,2373.0,12273.0,2788.5,3658.5,4120.0,1735.0,2870.0,2135.5,3327.0,2863.0,4178.5,4338.5,2511.5,3148.0,2278.5,2242.5,3013.0,2133.5,2366.5,6715.0,2464.0,4034.5,2538.5,0.0,6021.0,8997.0,9434.5,10903.0,7472.5,6223.5,5913.0,6677.5,4375.5,6038.0,14109.5,13321.5,7772.5,13547.0,11562.5,12404.0,10074.0,10784.0,10888.5,5011.5,2766.0,4962.5,2239.5,3234.0,2027.5,2582.5,3378.5,3450.5,3441.5,3629.5,10281.5,4749.0,12133.5,9675.5,4679.0,6094.5,8942.5,4570.0,14012.0,2862.0,3734.0,2876.0,3295.5,3405.5,3499.0,2823.5,3578.5,3158.5,3775.0,3291.0,3556.5,5233.0,4321.0,6337.5,7922.0,5614.0,8563.5,3468.5,10441.0,2863.0,8682.5,8580.5,6320.5,4196.0,4832.0,5186.0,6229.5,11003.5,5626.5,7980.0
R_Klimt1.jpg_persistence.pkl,6978.0,6009.0,3562.5,4227.0,3001.0,6785.0,6516.0,12954.5,7059.0,5172.0,8925.5,5981.0,5458.0,5440.5,5864.0,7587.0,8947.5,9858.0,7328.5,5882.5,5308.0,5484.0,7256.5,5692.0,6324.5,11351.5,5867.5,9464.0,7563.0,6021.0,0.0,6748.0,8172.0,10364.0,7549.5,6747.5,7250.5,7572.0,5635.5,5009.5,10934.0,13671.0,6050.5,8899.5,7918.5,12616.0,11433.0,7594.0,8141.5,3924.0,5246.5,5676.0,5833.5,6869.5,6545.0,5458.0,5390.5,6848.5,3576.0,4240.0,14751.5,5446.5,8144.5,9924.5,8138.0,5465.0,7062.5,7525.5,12968.0,5582.0,3650.0,6076.5,4259.0,4664.5,6727.0,5733.5,5923.5,4701.5,6270.0,6806.5,5318.0,6268.0,5772.5,3437.5,6693.5,9025.5,8207.5,6084.0,8179.0,6292.0,13379.0,7554.5,7094.0,5885.0,5815.5,5689.0,6286.5,12433.5,6240.5,6226.0
R_Klimt10.jpeg_persistence.pkl,9350.5,10234.5,8711.5,8222.0,7943.5,9383.0,10149.5,10485.0,10977.0,8396.5,11598.0,9245.5,9620.5,8299.0,10805.5,10162.5,10237.0,10461.0,9070.5,8580.5,8465.0,9040.0,8527.0,9614.5,10356.5,9988.5,8433.0,10470.5,9184.0,8997.0,6748.0,0.0,6260.5,8759.0,11014.0,7114.5,8865.5,11292.0,9114.5,7267.5,9206.5,14644.5,4583.0,8448.0,7703.0,8900.0,11927.0,4910.0,6401.0,7970.0,8152.5,6666.5,9714.5,8490.5,8851.5,8166.0,6633.5,10387.0,7979.5,8102.5,13354.0,7129.5,7537.5,7341.0,9284.5,5761.5,4596.0,9253.0,10631.0,9019.0,8791.5,10600.5,9239.5,9233.5,11382.0,10172.0,10734.0,9198.5,9598.5,9631.0,7827.5,9860.0,8623.0,6830.0,5227.5,9509.0,8703.5,8674.0,8219.0,10352.5,12991.0,5354.0,6245.5,8167.5,6831.5,6131.5,8411.0,11269.5,8207.5,8328.5
R_Klimt2.jpg_persistence.pkl,7712.5,10121.5,9873.0,8480.0,9328.5,8576.5,10947.0,9421.0,11555.5,7644.0,12063.5,9818.5,10431.0,9217.5,11217.0,11337.0,11019.5,10517.5,9604.0,9548.0,8931.0,9125.0,7526.0,10179.0,11036.0,9855.5,8828.0,10462.0,10222.0,9434.5,8172.0,6260.5,0.0,11239.0,12350.5,7874.0,10212.0,12102.0,9707.0,8997.0,12314.5,16319.0,6082.5,9934.0,7551.0,10611.5,13804.5,6310.0,9012.0,9713.0,8452.0,7653.5,9888.5,8569.5,8771.5,8084.5,7164.5,9948.5,8366.0,8557.5,11739.5,7512.0,10293.0,4333.0,8943.0,4741.5,3898.5,7378.5,7239.5,8498.5,9737.5,11060.5,9887.5,10007.0,11977.0,10772.5,11150.5,10102.0,10693.5,10609.5,7756.0,10387.5,8995.0,6969.5,5386.0,9195.5,9928.0,9086.5,9727.0,10583.0,11609.5,5711.0,6789.0,6714.0,7969.0,6302.5,9080.5,6721.5,6592.0,7093.5
R_Klimt3.jpg_persistence.pkl,13261.0,12022.5,11054.5,10077.0,10264.0,11957.5,11539.0,15110.5,12205.5,12060.0,12936.0,11250.5,10425.5,9755.5,11242.0,11601.0,11873.5,13043.5,11289.5,9890.5,10077.0,10762.0,11972.5,11024.5,11550.5,12835.0,10467.0,12974.5,11200.5,10903.0,10364.0,8759.0,11239.0,0.0,9106.5,7779.0,8083.0,9742.5,8584.5,6837.0,6666.0,8414.0,7872.5,9499.5,8552.5,7168.5,9239.5,10267.5,5867.0,10300.0,9855.5,7462.0,11137.5,10510.5,11505.0,11207.5,9640.0,11800.5,10108.0,9252.0,16578.5,8322.0,6721.0,11636.0,12221.5,10883.5,9551.0,13415.0,13427.0,12300.5,10968.5,11540.5,10489.5,10112.5,11739.0,11480.5,10955.0,10673.5,10291.0,10006.5,9657.5,9205.0,9084.5,9374.0,7343.0,12298.5,6295.5,9568.0,4629.5,11767.5,16295.0,11429.5,8278.5,12160.0,8976.5,9082.5,8134.0,15000.5,12591.5,13332.0
R_Klimt4.jpg_persistence.pkl,9977.0,6811.0,6715.0,6244.5,5891.5,8611.5,7203.0,17240.0,7712.0,8742.5,9788.0,7379.0,6567.0,6799.0,5481.0,8384.0,9720.0,11278.0,8621.5,7011.5,6741.5,6563.0,9355.5,6761.0,7114.0,13494.0,8002.0,10956.0,8777.5,7472.5,7549.5,11014.0,12350.5,9106.5,0.0,7185.0,5744.5,4791.5,5236.5,4359.5,10968.0,9090.0,8383.0,13807.0,12594.5,12252.5,8171.5,13231.5,10084.0,6505.5,6465.0,6894.0,6327.0,7465.5,8478.5,8067.0,7534.5,6984.0,6198.5,5597.5,17012.0,6721.5,10368.5,14252.0,10927.5,10245.0,11665.0,10342.5,18300.5,8330.0,6503.5,6371.0,5386.0,4883.5,6866.5,5906.5,5681.0,5581.5,6190.0,7251.5,6733.5,4784.5,6316.5,6825.0,8973.0,11033.0,6353.5,6564.0,7249.5,6524.5,15391.5,12736.0,9116.5,9324.0,8341.5,9122.5,4024.0,16446.5,10257.5,11897.0
R_Klimt5.jpg_persistence.pkl,7085.5,6939.0,7078.0,5516.0,7467.0,6431.0,7360.0,12404.5,7752.5,5952.5,8927.0,6301.5,6126.5,5600.5,6893.5,7774.5,7636.5,8729.0,6664.0,5868.5,5561.0,5589.0,6393.5,6231.5,7280.0,9359.5,5536.5,8658.0,6986.0,6223.5,6747.5,7114.5,7874.0,7779.0,7185.0,0.0,4587.0,6272.5,4664.5,5186.5,11045.0,10748.5,6407.5,11288.0,8787.5,8863.0,7654.5,8732.5,8748.0,7705.5,4761.5,3757.5,6201.0,5629.0,6185.0,5414.5,4836.5,6592.0,5034.0,4931.5,12784.0,3394.5,9527.0,8549.0,7735.5,6076.0,7094.5,7498.0,12675.5,6030.5,7132.0,7128.5,6466.5,6304.5,7412.5,7220.5,6493.0,6835.5,6704.5,6145.0,4460.5,4774.0,4320.5,5074.0,4404.0,7239.5,4949.5,4328.5,6795.0,6874.0,11826.0,8038.0,5204.5,6041.0,5590.5,5250.0,5871.0,11023.5,6614.0,8218.0
R_Klimt6.jpg_persistence.pkl,8512.5,6596.5,6713.0,5511.0,6683.5,6831.0,6262.5,13789.0,7295.0,7615.0,8155.0,6225.0,5500.0,4868.5,5764.0,6773.0,7297.0,8605.0,6339.5,5258.5,5372.5,5619.5,7166.0,5880.0,6570.5,9850.5,6147.5,8639.5,6377.0,5913.0,7250.5,8865.5,10212.0,8083.0,5744.5,4587.0,0.0,4220.0,3059.0,4685.0,11268.0,9015.5,6880.0,12943.5,11490.0,9545.0,5925.0,10948.0,9320.5,6915.0,4849.5,4062.0,5790.5,5566.0,6696.0,6478.0,5227.0,6509.5,5591.0,4565.5,13510.5,4057.0,11216.0,11087.0,8653.0,8203.0,9186.5,8534.0,15443.5,7343.5,6443.0,6384.5,5471.5,5140.5,5768.5,6249.5,5266.0,5851.0,5412.0,5074.5,4958.5,3528.0,3702.5,6195.0,7046.5,7736.5,5207.5,4436.5,7831.0,6163.0,12321.0,9825.5,7284.5,7715.5,6150.0,7078.0,5519.0,13612.0,8624.5,10152.0
R_Klimt7.jpg_persistence.pkl,9398.5,6222.5,6565.5,5814.0,6448.5,7754.5,6423.0,16790.5,7135.5,8244.0,8902.5,6585.5,5903.5,6071.0,5064.0,7545.5,8722.0,10361.0,7709.5,6418.0,6103.5,5899.5,8499.0,6013.5,6459.0,12664.5,7237.5,10122.0,7874.5,6677.5,7572.0,11292.0,12102.0,9742.5,4791.5,6272.5,4220.0,0.0,3938.5,4976.0,12935.0,7652.5,9317.0,14083.5,12195.5,11927.0,6082.0,13282.0,10912.5,6813.5,5642.0,6307.0,5521.5,6477.0,7607.5,7459.0,6999.0,6138.0,5726.0,4848.0,16148.5,5462.5,11548.0,13822.0,10267.0,9838.0,11569.0,9631.5,17922.5,7675.5,6192.0,5889.0,5033.5,4486.5,5035.0,5665.0,4579.0,5313.0,5735.0,5855.0,6028.5,3597.0,4692.0,6735.0,8634.5,10025.5,5122.0,5500.0,8115.5,6089.5,14591.5,12413.0,8890.0,8764.5,8105.5,8744.0,5937.0,15887.5,9828.5,11444.0
R_Klimt8.jpg_persistence.pkl,7156.5,4996.0,4992.5,3836.0,4972.5,5654.0,4951.5,13696.0,5529.0,5956.5,7064.5,4634.0,4121.0,3678.0,4259.0,5690.0,6527.0,8044.0,5508.0,4007.0,3944.5,4075.5,6125.5,4446.5,5037.5,9747.5,4595.5,7657.5,5654.0,4375.5,5635.5,9114.5,9707.0,8584.5,5236.5,4664.5,3059.0,3938.5,0.0,3981.0,11828.5,9916.5,6941.5,12461.5,10526.0,10406.5,7410.0,10911.5,9322.0,5174.5,3665.0,3842.5,4249.5,4672.5,5489.0,5079.5,4439.5,4994.0,3998.0,3219.5,13305.5,3260.0,10637.0,10856.5,7457.5,6999.0,9112.5,7534.0,15074.0,5829.0,4733.0,4577.0,3815.5,3597.5,4266.0,4732.5,3792.0,4205.5,4256.0,4291.5,3842.0,2760.0,3027.5,4878.5,6795.0,7476.0,5444.0,3402.0,7638.5,4638.5,11896.5,9572.0,6309.0,6348.0,5320.5,5801.5,4617.5,13124.5,7182.0,8903.5
R_Klimt9.jpg_persistence.pkl,8347.0,6034.5,5049.0,4387.5,4219.5,7045.5,6425.5,14052.5,7048.0,6913.5,8740.0,6165.0,5329.5,5364.0,5301.0,7449.0,8388.5,9924.0,7230.0,5522.5,5226.0,5249.5,7604.5,5689.0,6358.5,11598.0,6340.5,9504.5,7497.5,6038.0,5009.5,7267.5,8997.0,6837.0,4359.5,5186.5,4685.0,4976.0,3981.0,0.0,9335.5,9831.0,5572.0,10571.5,9005.5,9839.0,8252.5,9427.5,7033.0,4534.5,4703.5,4428.0,5422.0,5971.5,6939.0,6350.5,5534.0,6168.0,4657.5,3785.0,15133.5,4486.0,7603.0,11226.5,8757.5,7210.5,8184.0,8806.0,14939.0,6918.5,4951.0,5873.0,4387.0,4287.5,6498.0,5582.5,5348.0,4722.0,5316.0,5951.5,4696.5,4509.5,4597.5,4263.5,5833.0,9143.5,5123.0,5209.0,5556.0,5947.5,13647.5,9419.5,6176.0,7428.0,5755.0,6162.5,3195.5,13970.0,8028.5,8978.5
R_Mithila1.jpg_persistence.pkl,15820.0,14460.0,12440.5,12259.0,11355.0,14685.0,14716.5,17123.5,15608.5,13895.0,16934.5,14306.0,13522.0,12971.0,13586.5,15635.5,16032.5,17245.0,14851.5,13478.5,13292.0,13446.5,14918.0,14076.0,14817.0,16717.5,13754.5,17220.5,14939.5,14109.5,10934.0,9206.5,12314.5,6666.0,10968.0,11045.0,11268.0,12935.0,11828.5,9335.5,0.0,11217.5,8589.5,6570.0,8600.5,10761.5,12325.0,10207.5,4978.0,11543.5,12845.0,10387.0,13941.0,14014.0,14691.0,13839.5,12648.0,14831.0,11998.0,11824.5,20391.5,11426.5,4866.5,13754.5,16184.5,12355.0,10424.0,16448.5,13716.5,14609.0,12640.0,14271.5,12667.5,12565.0,14836.5,13964.0,13662.5,13037.0,13283.5,14256.5,12458.5,12058.5,12473.0,10562.0,8934.0,15759.0,9669.5,12859.5,6914.5,14293.0,20083.5,13001.0,11857.5,14659.5,12780.0,11835.0,10330.0,16163.0,14371.5,14062.5
R_Mithila10.jpg_persistence.pkl,16072.0,13153.0,13234.0,12271.5,12659.0,14133.5,13138.0,21242.0,13954.5,14729.0,15484.0,13378.0,12398.5,12135.0,11839.0,14154.0,14854.5,16572.0,13719.0,12676.5,12714.0,12729.0,14835.0,12790.5,13315.5,17370.5,13485.5,16660.5,13907.5,13321.5,13671.0,14644.5,16319.0,8414.0,9090.0,10748.5,9015.5,7652.5,9916.5,9831.0,11217.5,0.0,13453.5,14712.0,13147.0,12006.5,6216.5,16348.0,11558.0,12955.0,12016.0,10762.0,12322.0,13003.5,14311.0,13929.5,12994.0,12976.0,12410.0,11300.5,21290.5,11255.0,11851.5,16953.0,16866.0,15502.0,15130.0,16440.0,19385.5,14546.5,12958.0,12645.0,11761.0,11350.0,11964.0,12450.5,11405.5,12206.5,12226.0,11995.0,11893.5,9534.5,10714.0,12601.5,11667.5,15380.0,6820.0,12107.5,8125.0,12859.5,20439.0,17002.5,13261.5,15288.5,14107.0,13631.5,10547.0,19432.5,16086.5,17336.0
R_Mithila2.jpg_persistence.pkl,8841.5,8750.0,7300.5,6721.0,6412.0,8258.0,8741.0,10401.0,9748.5,7495.5,10733.5,8023.0,8064.0,6970.5,8467.5,9263.0,9606.0,10100.0,8415.5,7278.5,7180.5,7483.5,7779.5,8211.0,8984.5,9561.0,7365.5,9953.0,8352.0,7772.5,6050.5,4583.0,6082.5,7872.5,8383.0,6407.5,6880.0,9317.0,6941.5,5572.0,8589.5,13453.5,0.0,8632.0,8169.0,8637.5,10979.0,6216.0,5518.0,6888.0,7015.5,5386.5,8231.5,7831.0,8018.5,7105.0,5930.5,9122.5,6394.0,6269.5,12931.5,5421.0,7601.5,7482.0,8969.5,5247.0,4407.0,9086.5,11016.5,8207.5,7382.5,8823.0,7510.0,7314.0,9640.5,8349.5,8665.0,7554.5,7717.0,8412.0,6932.5,7891.5,6953.0,5410.0,4426.0,9172.5,7679.5,6941.5,7083.5,8443.0,12514.0,5853.0,6337.0,7791.5,5950.0,5635.0,6517.5,10597.5,7310.0,7476.5
R_Mithila3.jpg_persistence.pkl,14163.5,13970.5,11707.0,11677.5,10751.5,13947.5,14308.0,16087.0,15071.5,12080.0,16569.5,13685.5,13147.0,12607.0,13553.5,15247.0,15882.0,16744.5,14435.0,13098.0,12691.0,13103.5,13956.5,13591.0,14329.5,16448.0,12884.0,16567.5,14627.5,13547.0,8899.5,8448.0,9934.0,9499.5,13807.0,11288.0,12943.5,14083.5,12461.5,10571.5,6570.0,14712.0,8632.0,0.0,5728.0,12939.5,15176.5,6759.5,5734.5,11289.0,12417.0,10815.0,13524.5,13859.5,13863.0,12703.5,11940.0,14555.5,11148.5,11513.5,19656.0,11296.5,6373.5,11560.0,15247.0,10193.0,8348.5,14755.5,9737.5,13193.5,11782.5,13920.5,12295.5,12256.5,14679.0,13600.0,13667.0,12617.0,13341.5,14172.5,12203.5,13131.5,12652.5,9474.5,8553.0,15327.5,11290.0,13053.5,9338.5,13948.0,19245.0,10551.5,11406.0,12854.5,12059.0,10971.5,12148.0,12896.0,11582.0,9994.0
R_Mithila4.jpeg_persistence.pkl,11000.5,11901.5,10293.0,9685.5,9627.5,11683.0,12668.0,15261.5,13075.0,9468.0,14900.0,11564.5,11496.0,10948.5,11952.0,13499.5,13822.0,14697.0,12442.0,11418.5,10572.5,10903.5,11482.5,11540.5,12453.5,15054.0,10587.0,14572.5,12983.5,11562.5,7918.5,7703.0,7551.0,8552.5,12594.5,8787.5,11490.0,12195.5,10526.0,9005.5,8600.5,13147.0,8169.0,5728.0,0.0,11441.5,13633.0,6558.5,6748.0,10005.5,9920.0,9015.0,11288.0,11304.0,11433.5,10091.0,9902.0,11799.0,9079.5,9297.5,17794.0,8878.0,6325.0,9372.0,12899.5,7598.0,7135.5,11465.0,8429.5,10401.0,10392.5,12200.5,10459.5,10821.0,12603.5,11987.0,11665.5,11013.5,12152.0,11941.0,9489.5,11040.5,10380.0,7284.5,6457.0,12721.0,9111.5,10864.0,7793.5,11962.5,17276.5,8986.5,8718.0,9643.0,10334.0,8616.0,10292.0,10914.5,7941.0,6803.5
R_Mithila5.jpg_persistence.pkl,13910.0,13597.5,13295.0,11970.5,12898.0,12845.5,13464.0,11804.5,14178.5,13215.0,14865.0,12724.5,12787.0,11558.0,13545.0,13432.5,13071.5,13570.0,12157.5,11694.0,11821.5,12078.5,12152.5,12879.0,13665.0,11860.5,12210.5,13525.5,12328.0,12404.0,12616.0,8900.0,10611.5,7168.5,12252.5,8863.0,9545.0,11927.0,10406.5,9839.0,10761.5,12006.5,8637.5,12939.5,11441.5,0.0,9856.0,10287.0,8702.0,12997.5,11202.0,8806.5,12897.5,11397.0,12601.5,12122.0,10422.5,13384.5,11892.5,11116.0,16015.0,9370.5,11545.0,10449.5,12902.0,11030.5,9033.5,13492.0,12106.5,13445.0,13214.0,13757.5,12746.5,12457.5,13643.0,13681.5,13048.0,13000.5,12412.0,12135.0,10871.5,10973.5,10478.0,11107.5,7734.0,12523.5,8277.0,10564.0,9053.5,13488.5,15902.5,10036.0,9339.5,12653.0,10506.5,10080.0,10663.5,14122.0,13284.0,14268.0
R_Mithila6.jpg_persistence.pkl,12854.0,10581.0,10867.5,9810.0,11013.5,10871.0,10276.0,16915.5,11197.0,11733.5,12459.0,10243.0,9531.5,9034.0,9370.0,11094.5,11460.5,13104.5,10517.5,9949.0,9750.0,9806.5,11445.0,9862.0,10436.0,13490.0,10132.0,13180.0,10504.0,10074.0,11433.0,11927.0,13804.5,9239.5,8171.5,7654.5,5925.0,6082.0,7410.0,8252.5,12325.0,6216.5,10979.0,15176.5,13633.0,9856.0,0.0,14367.5,10989.5,11167.0,9129.5,7735.0,9586.0,9939.5,10960.0,10656.5,10124.5,10321.0,9685.5,8822.0,17761.5,8308.0,12804.0,14283.0,13530.0,12507.5,12704.0,13213.0,17823.0,11379.5,10689.5,10083.5,9484.0,9135.5,9408.0,10062.5,8893.0,9925.0,9531.5,9048.0,9109.5,6942.5,7934.5,10431.0,9463.5,11878.0,5675.5,8832.0,8687.0,10029.0,16958.0,14097.5,10746.5,12135.0,11235.0,11021.0,9293.5,16677.0,12962.5,14359.5
R_Mithila7.jpeg_persistence.pkl,10924.0,11783.0,10004.5,9746.0,9434.0,10829.5,12017.0,11198.5,12691.0,9777.0,13624.0,10906.5,11204.5,10184.5,12403.5,12007.0,12360.0,12259.5,10999.0,10473.0,10110.5,10644.0,10047.5,11295.5,12072.0,11654.0,10149.0,12148.0,11280.5,10784.0,7594.0,4910.0,6310.0,10267.5,13231.5,8732.5,10948.0,13282.0,10911.5,9427.5,10207.5,16348.0,6216.0,6759.5,6558.5,10287.0,14367.5,0.0,7063.0,9486.5,9896.5,8515.0,11324.5,10525.5,10566.5,9657.5,8561.0,12152.5,9500.0,9774.0,14542.0,8739.5,7627.5,7643.5,11030.5,6734.5,4438.5,10884.0,8378.5,10572.0,10086.5,12264.5,10723.5,11071.0,12991.0,11962.5,12324.5,10854.5,11743.5,11494.5,9509.5,11738.0,10469.5,8382.5,6243.0,11682.5,10419.0,10520.5,9459.0,11915.5,14372.0,6725.5,8344.5,9659.5,8895.5,7990.0,10531.0,10267.0,8922.0,8135.5
R_Mithila8.jpeg_persistence.pkl,12671.0,11345.5,9541.5,9136.5,8534.0,11388.5,11558.5,13707.0,12401.5,10777.5,13745.5,11125.5,10443.0,9738.0,10729.0,12345.5,12830.0,13976.0,11624.5,10206.0,10155.0,10452.5,11620.5,11010.0,11693.0,13097.0,10588.0,13804.5,11586.0,10888.5,8141.5,6401.0,9012.0,5867.0,10084.0,8748.0,9320.5,10912.5,9322.0,7033.0,4978.0,11558.0,5518.0,5734.5,6748.0,8702.0,10989.5,7063.0,0.0,8729.0,9803.0,7592.0,10898.0,11075.0,11560.0,10669.5,9526.0,11917.0,9130.0,8898.5,16937.0,8740.0,5486.5,10521.5,12962.0,9130.0,7074.5,13260.0,10665.0,11463.0,9652.0,11191.0,9649.5,9526.5,12015.0,10888.5,10912.0,9955.5,10366.5,11206.0,9595.0,10241.0,9867.5,8029.5,6312.5,12975.5,8196.5,10407.5,6429.5,11184.0,16648.0,9788.0,8951.5,11509.0,9587.0,8752.0,8628.5,12747.0,11113.0,10737.0
